Seed,Time,Episode,Reward
8,0.5764844417572021,0,-32.18551154087945
2,0.6757369041442871,0,-33.43405778224584
0,0.8035011291503906,0,-33.286599005764806
9,0.8035833835601807,0,-33.68203429585003
5,0.8828351497650146,0,-33.504551507385806
1,0.932201623916626,0,-32.329796056449254
7,0.9263472557067871,0,-33.485593138478826
3,0.9423894882202148,0,-19.787883296664887
6,0.9803040027618408,0,-33.47979988545633
4,1.0056304931640625,0,-33.35730759841646
2,187.45559644699097,1000,-33.17142014505832
8,194.98521780967712,1000,-32.53700423873504
9,195.53177690505981,1000,-33.720228308859575
5,207.13794112205505,1000,-32.06991497084686
1,208.2295684814453,1000,-32.54496547039695
6,209.37368202209473,1000,-33.18401052336644
7,209.98212432861328,1000,-30.251533620153385
3,215.06149101257324,1000,-19.45704179636495
4,216.26065397262573,1000,-30.38996673278226
0,224.98503756523132,1000,-32.93992474303134
8,403.87221670150757,2000,-32.92917453530048
2,412.621634721756,2000,-33.17337667532524
6,414.9763116836548,2000,-33.20658043262589
7,419.7677655220032,2000,-29.433243763933316
1,422.5218868255615,2000,-32.475515911613435
9,424.18005299568176,2000,-33.73344215965394
0,424.8164749145508,2000,-32.65787953207812
4,430.13692116737366,2000,-28.672708097775757
3,430.74652647972107,2000,-20.03050492308348
5,431.85851073265076,2000,-31.56991811960495
6,632.9725251197815,3000,-33.18200474908373
8,633.5493969917297,3000,-33.11586410906223
3,638.7666966915131,3000,-19.979394799788523
5,640.0884475708008,3000,-31.254848744425352
0,640.3801002502441,3000,-32.83595003225507
2,640.4450488090515,3000,-33.16611687169725
7,643.2411637306213,3000,-28.914197682839728
1,647.1464126110077,3000,-32.582195629439106
9,655.3194744586945,3000,-33.727345621792644
4,656.5271368026733,3000,-27.927796684928385
8,838.3885662555695,4000,-32.96730734878984
6,840.3608102798462,4000,-33.1344505871852
2,841.0401060581207,4000,-33.130930216302204
0,846.639328956604,4000,-32.837449555528764
5,847.4760065078735,4000,-30.852003168774164
1,849.8407716751099,4000,-32.65177238666923
7,849.969259262085,4000,-29.1533921540978
3,850.9956569671631,4000,-20.101863206430906
4,862.2155227661133,4000,-27.951122049905152
9,864.2078411579132,4000,-33.71329297586513
8,1030.1776423454285,5000,-32.924555776091786
6,1039.284975528717,5000,-33.16720027579758
0,1040.4201028347015,5000,-32.85625523990617
1,1045.3830225467682,5000,-32.76877466607215
2,1056.9531662464142,5000,-33.144147747195596
4,1063.35555768013,5000,-26.870327010812634
7,1064.9947731494904,5000,-27.894529981101556
9,1070.2278399467468,5000,-33.70550295834057
3,1070.5954434871674,5000,-19.770724483604628
5,1080.328863620758,5000,-29.899700338899347
8,1308.5714793205261,6000,-32.272335868727886
0,1308.978859424591,6000,-32.51172328643582
1,1312.3732025623322,6000,-32.77491269542693
6,1313.7270340919495,6000,-33.154771498105
2,1327.4205479621887,6000,-33.124840218665696
3,1342.2640392780304,6000,-20.179971941303034
7,1344.3370344638824,6000,-27.972504037103246
4,1344.7989828586578,6000,-26.491619598373926
5,1364.8270423412323,6000,-29.52245346896
9,1365.2328081130981,6000,-33.717431748275175
6,1592.924092054367,7000,-33.189196930723604
0,1598.3838486671448,7000,-31.45356061493437
1,1599.386631011963,7000,-32.773706320581375
8,1609.7165269851685,7000,-32.44675798036905
2,1615.6307208538055,7000,-33.15986807453106
3,1623.6884968280792,7000,-20.241816137533494
7,1629.3789796829224,7000,-27.42788503494363
9,1640.8490328788757,7000,-33.7244841153901
4,1641.767382144928,7000,-25.614969102018676
5,1647.4547002315521,7000,-28.29334980868439
6,1875.860821723938,8000,-33.202111522050544
0,1881.9347376823425,8000,-25.56902230340002
8,1883.980967283249,8000,-32.667965187851586
1,1888.2657732963562,8000,-32.760588480214906
2,1889.8211240768433,8000,-33.1572179937543
9,1898.568546295166,8000,-33.732180966108466
3,1911.952092885971,8000,-19.30545943184293
4,1919.630522966385,8000,-25.482569397754368
5,1920.497836112976,8000,-27.7847443702116
7,1920.660328388214,8000,-26.703413625950365
8,2152.776890039444,9000,-31.972301718979494
6,2153.5806171894073,9000,-33.192262179460286
0,2153.7694957256317,9000,-25.205366189063174
2,2168.573230743408,9000,-33.154207957972154
9,2168.577455997467,9000,-33.74323984815885
1,2175.98987865448,9000,-32.77432218443573
7,2188.5842461586,9000,-26.27757287156335
5,2191.8938601017,9000,-27.254776448971437
3,2194.343180179596,9000,45.17689915492581
4,2197.1471948623657,9000,-25.25664325105832
6,2424.35227894783,10000,-33.101948044318895
0,2438.3835668563843,10000,-24.43906576983404
2,2444.1699192523956,10000,-33.05404056308495
8,2447.9158222675323,10000,-32.1540302464509
9,2449.4016914367676,10000,-33.737689199401956
1,2452.1806831359863,10000,-32.853191058988386
3,2459.829171895981,10000,-21.094063984692834
5,2468.633597612381,10000,-27.44131631535637
7,2473.6067955493927,10000,-26.599200185096628
4,2473.8597457408905,10000,-24.781766258884442
6,2699.5628790855408,11000,-33.17598898351061
2,2722.767561674118,11000,-33.156885085245285
0,2725.1722707748413,11000,-23.281001447299673
9,2725.764312982559,11000,-33.74023696774295
1,2731.5544712543488,11000,-32.77575738393681
8,2732.5914447307587,11000,-31.87674112381805
7,2736.364246606827,11000,-26.184903039634754
3,2747.8995752334595,11000,-21.16214989452656
4,2751.3326382637024,11000,-24.163216219366415
5,2763.808680534363,11000,-27.049542783830454
6,2979.591264486313,12000,-33.17278357552192
0,3004.39719581604,12000,-23.46778097421402
9,3004.4246525764465,12000,-33.729150045295206
2,3006.793266773224,12000,-33.14032634148042
8,3011.4852244853973,12000,-31.676550398472457
1,3016.8985521793365,12000,-32.71223128384233
4,3024.511396884918,12000,-21.778002459909843
7,3027.155221223831,12000,-25.189802819238416
3,3029.1518280506134,12000,-21.118560685065585
5,3047.8005607128143,12000,-25.764924526820952
6,3260.307272672653,13000,-33.1717428674204
0,3273.6036517620087,13000,-23.231422889203436
2,3287.7910153865814,13000,-33.17554908809774
9,3287.864734888077,13000,-33.72392491007839
8,3288.2695326805115,13000,-31.72513219600515
1,3293.2243554592133,13000,-32.71335331890742
3,3295.632714986801,13000,-21.15165664018364
4,3306.3854246139526,13000,-21.211592891923193
7,3314.03799033165,13000,-21.30710826925717
5,3342.2799685001373,13000,-26.99543380070773
6,3538.387838125229,14000,-33.157138388996394
0,3544.5358481407166,14000,-23.324505357300023
1,3563.1592190265656,14000,-32.71887835896548
2,3567.1133127212524,14000,-33.135447924920875
8,3573.7242851257324,14000,-32.28498382882497
9,3577.863145828247,14000,-33.73463935348089
3,3579.4258468151093,14000,-21.158760033376744
4,3592.1647102832794,14000,-21.455095858676337
7,3599.6103854179382,14000,-21.21795331311084
5,3627.550552845001,14000,-25.392889669456952
0,3810.661153316498,15000,-22.741189778560155
6,3817.019743680954,15000,-33.15508543212664
8,3835.873323917389,15000,-32.04711973108216
1,3847.887176513672,15000,-32.678452255529635
9,3856.1034972667694,15000,-33.725939504682266
2,3859.9532809257507,15000,-33.13907692642295
3,3865.0634305477142,15000,-21.166573109747187
7,3875.2162561416626,15000,-21.27303766395261
4,3875.984607219696,15000,-21.23361912487799
5,3905.5615310668945,15000,-24.738995078978906
0,4090.520364046097,16000,-23.540277410238936
6,4104.49570775032,16000,-33.162303100336615
9,4116.318330287933,16000,-33.72950662203787
8,4121.512251615524,16000,-32.385472444781726
1,4132.850271463394,16000,-32.704394868625656
2,4135.678394079208,16000,-33.1388598117189
3,4139.294899225235,16000,-21.138042139528533
4,4158.437052726746,16000,-21.113313783859795
7,4171.658727884293,16000,-21.126108374035827
5,4175.028868436813,16000,-25.35528798381394
0,4374.985439777374,17000,-22.70412011228138
6,4380.453031778336,17000,-33.125040668213934
9,4388.769269227982,17000,-33.72769949087997
8,4392.937901258469,17000,-32.68901612549984
1,4401.084546327591,17000,-32.71426713526118
2,4415.268375635147,17000,-33.12399998435724
3,4424.331835269928,17000,-21.252593301014503
4,4442.610780000687,17000,-21.100438562205373
5,4446.780678987503,17000,-25.20747542877205
7,4447.191334247589,17000,-21.08219097698277
6,4644.522208690643,18000,-33.153206342888026
0,4648.205677270889,18000,-23.443904982489027
9,4662.197194337845,18000,-33.721743739422365
8,4662.923882007599,18000,-32.616484770487524
1,4672.697557449341,18000,-32.711815277676315
2,4674.693098306656,18000,-33.119963183135866
4,4694.115282535553,18000,-21.24578273372077
3,4698.7131197452545,18000,-21.123577985777573
7,4710.541886091232,18000,-21.12521817969399
5,4720.371473312378,18000,-22.065527474242273
0,4913.224623918533,19000,-22.74811141235965
6,4919.457394599915,19000,-33.0942381201796
9,4928.985672235489,19000,-33.72500932187931
8,4940.621145486832,19000,-32.0670332370231
1,4945.338790655136,19000,-32.680563070235266
2,4948.106517314911,19000,-33.07591666510185
3,4951.6027302742,19000,-21.015866898028797
4,4951.948637485504,19000,-21.14382492717066
5,4978.584604263306,19000,-21.1066622134462
7,4987.856682538986,19000,-21.03921791048028
6,5183.316337823868,20000,-33.148744397402304
0,5191.391638755798,20000,-22.43640973291826
9,5206.422322034836,20000,-33.70030079122314
4,5212.089864730835,20000,-21.222672678045907
8,5212.504770755768,20000,-32.75631225010278
3,5216.040920495987,20000,-21.096787639816963
1,5216.339260816574,20000,-32.70055323813752
2,5226.70677447319,20000,-33.13292156815962
7,5245.927299261093,20000,-21.055938060836915
5,5255.885404825211,20000,-21.16717615707084
0,5462.466331243515,21000,-22.854242428524845
6,5464.571666002274,21000,-33.18741287472722
9,5485.2895176410675,21000,-33.69972741520829
3,5486.906395673752,21000,-21.06438125011907
4,5487.345987558365,21000,-21.269276447888895
8,5494.935359954834,21000,-32.72447613354961
7,5498.0825436115265,21000,-21.130860047038972
2,5507.992003440857,21000,-33.17479690379624
1,5512.33136510849,21000,-32.209539830646875
5,5520.158648967743,21000,-21.18779799015777
6,5746.006463527679,22000,-33.15096541798123
0,5750.259181261063,22000,-22.386753871462833
9,5753.6176590919495,22000,-33.69966041286958
4,5761.890395641327,22000,-22.179494223785937
8,5767.49880027771,22000,-32.95678263955403
3,5767.650829792023,22000,-21.043802862522668
2,5779.065484523773,22000,-33.13389576064845
7,5779.365995168686,22000,-21.11228064128185
1,5780.483969211578,22000,-31.66221371055152
5,5808.646834611893,22000,-21.19528252261677
0,6014.54429268837,23000,-22.0282406544412
6,6031.809480190277,23000,-33.196973232448
3,6032.411225795746,23000,-21.117371111502866
9,6037.015434741974,23000,-33.668088456610825
8,6037.382324695587,23000,-32.372868866933544
4,6048.660281896591,23000,-21.25392149898996
7,6051.067669391632,23000,-21.102276760288017
1,6054.625673294067,23000,-31.625802932075434
2,6059.6501042842865,23000,-33.193487787985894
5,6071.491288661957,23000,-21.27399634713321
0,6292.201642751694,24000,-21.632645337093628
6,6300.083744287491,24000,-33.123670119266734
9,6317.227091550827,24000,-33.68698848506453
4,6321.609698295593,24000,-21.192720394673447
3,6324.271398305893,24000,-21.065081877149495
8,6326.507181406021,24000,-32.82476976827439
7,6330.637573480606,24000,-21.075083022621957
1,6340.757161617279,24000,-31.91062019591051
2,6342.987705945969,24000,-33.075627382021565
5,6364.735594987869,24000,-21.1218520207714
0,6569.332305669785,25000,-21.882802439369694
6,6575.85387802124,25000,-33.16899217445044
9,6595.245892286301,25000,-33.72750424780493
3,6596.624865055084,25000,-21.086337854634266
8,6609.23375082016,25000,-32.51657750904629
4,6614.8520386219025,25000,-21.130346762032353
2,6616.853374004364,25000,-33.14660953043166
7,6621.629828214645,25000,-21.072089601238428
1,6623.22870349884,25000,-32.198931226528686
5,6656.278631687164,25000,-21.15317926039456
0,6845.252558708191,26000,-21.346667993452588
6,6851.191481590271,26000,-33.15083617302457
9,6876.830206155777,26000,-33.662436355876586
3,6878.574532032013,26000,-21.135522885789133
8,6893.140406847,26000,-32.727501565901676
7,6898.811915636063,26000,-21.074966293438386
4,6902.424559831619,26000,-21.11708885158384
2,6908.0308175086975,26000,-33.139557063474086
1,6914.3872282505035,26000,-32.4811776448158
5,6931.358546495438,26000,-21.128021554582958
6,7112.740576982498,27000,-33.14432954836305
0,7128.970544338226,27000,-20.475513640650032
8,7159.554840087891,27000,-31.783630330577243
9,7166.443242549896,27000,-33.66362173155376
3,7172.835368871689,27000,-21.094699515134362
4,7174.099819660187,27000,-21.139764860087418
2,7180.242204666138,27000,-33.13438949199767
7,7187.967398643494,27000,-21.028772884677505
1,7194.152717113495,27000,-32.420438718816555
5,7213.583240032196,27000,-21.148337473843153
6,7368.811487913132,28000,-33.09288318529114
0,7405.533119916916,28000,-20.75720381704181
3,7431.873515367508,28000,-21.079522999947354
8,7436.552282094955,28000,-31.98695217398082
9,7438.09760093689,28000,-33.67111626230579
4,7448.921428203583,28000,-21.09770288289756
7,7454.018506526947,28000,-21.02677188233594
2,7458.703396320343,28000,-33.11600859079711
1,7465.226573467255,28000,-32.43601941864122
5,7481.039503097534,28000,-21.162607085107492
6,7639.205691099167,29000,-32.98615288203522
0,7686.8606634140015,29000,-20.700967575692026
3,7697.096815824509,29000,-21.05267178421673
9,7706.730014562607,29000,-33.64495960880746
8,7710.672797679901,29000,-32.164048255919056
4,7716.318097114563,29000,-21.111480356481938
7,7728.602904081345,29000,-21.066403666158
1,7730.524480819702,29000,-32.51667206149169
2,7731.327308893204,29000,-33.126000379034174
5,7764.364049196243,29000,-21.159161340761507
6,7924.174290418625,30000,-32.51050784926168
0,7966.70963716507,30000,-20.450239246661358
3,7983.039297103882,30000,-21.105304055151525
8,7985.133185863495,30000,-31.751008073373228
9,7992.878780841827,30000,-33.716306821298275
7,7994.352689266205,30000,-21.042148180165004
4,7995.446956157684,30000,-21.010472713319597
2,8013.980633020401,30000,-33.05581483041366
1,8018.4476017951965,30000,-32.35739353222215
5,8048.375999689102,30000,-21.131606471884062
6,8190.277312040329,31000,-32.751538038281204
0,8248.757023334503,31000,-29.08875195325585
9,8258.542042970657,31000,-33.69210105424499
8,8265.815705060959,31000,-31.613086382852522
3,8270.654738903046,31000,-21.086268813771945
4,8273.117603063583,31000,-21.091849747004073
7,8277.033660411835,31000,-21.048683099983972
1,8284.835824012756,31000,-32.38128837995088
2,8294.7822098732,31000,-33.1442287841581
5,8324.033995866776,31000,-21.157368780324713
6,8462.497398376465,32000,-31.57381341231522
4,8517.083342790604,32000,-21.050818270815533
0,8534.750357866287,32000,-28.615224172951663
9,8538.630373954773,32000,-33.6922913252722
7,8545.605602264404,32000,-21.036142213683874
1,8553.07861661911,32000,-32.51866869266828
8,8563.752005815506,32000,-32.27490076482391
2,8572.76898431778,32000,-33.13967961552326
3,8573.69253206253,32000,-21.16413878243965
5,8603.99283361435,32000,-21.119276035681963
6,8751.31701207161,33000,-29.74196631953012
4,8802.736530780792,33000,-21.18623306815055
9,8811.983671665192,33000,-33.6768890823453
0,8815.452511310577,33000,-28.202678475929247
7,8835.62717294693,33000,-21.05384218225124
1,8842.202793836594,33000,-32.44943296201191
8,8849.13620519638,33000,-32.786915267339666
2,8851.295416355133,33000,-33.120320599821945
3,8856.00303697586,33000,-21.232996044140005
5,8881.285123348236,33000,-21.08635960197809
6,9037.013874053955,34000,-22.135645955746583
4,9090.311601877213,34000,-21.124849366964977
9,9091.15054988861,34000,-33.68952908159585
0,9093.346287727356,34000,-27.665009990145
7,9121.696543931961,34000,-21.059705513746156
2,9130.710141181946,34000,-33.13890513249262
3,9138.202772140503,34000,-21.061202283722274
1,9139.042579650879,34000,-32.47948202108601
8,9143.717660665512,34000,-32.26334620457208
5,9151.927284479141,34000,-21.097235079615324
6,9310.066749095917,35000,-21.445518420465614
0,9364.008738279343,35000,-28.35732544481222
4,9370.89740395546,35000,-21.09427614072396
9,9377.997092485428,35000,-33.63875729365201
7,9399.748622894287,35000,-21.07229967891414
8,9420.548204183578,35000,-32.464285115772235
1,9421.59219622612,35000,-32.52780220474225
5,9422.6221408844,35000,-21.127517452628698
3,9422.804832696915,35000,-21.09516570604298
2,9423.097877264023,35000,-33.126189484059125
6,9591.668763875961,36000,-23.309752634922123
0,9640.868047714233,36000,-28.639555364940193
4,9650.565438508987,36000,-21.021674317809197
9,9661.31564283371,36000,-33.66504087610168
7,9686.267410993576,36000,-21.072750098692918
1,9696.063116312027,36000,-32.6440761483297
8,9697.912183761597,36000,-31.510895119237308
2,9702.883347988129,36000,-33.115000767304835
5,9710.183164596558,36000,-21.184780099865588
3,9711.672932386398,36000,-21.08678257858756
6,9863.186638593674,37000,-20.562890534186575
0,9923.333062171936,37000,-28.441189633273922
4,9929.572373628616,37000,-21.103703082664996
9,9946.303493499756,37000,-33.65304286484347
7,9952.906454086304,37000,-21.10091814858012
2,9968.86233997345,37000,-33.161757090815584
8,9971.890612363815,37000,-31.620266360632606
1,9979.175567150116,37000,-32.52499896972738
5,9986.283840179443,37000,-21.10741711155564
3,9995.166716814041,37000,-21.119607826866595
6,10130.76897597313,38000,-18.844007269200098
0,10201.192722797394,38000,-29.54379031351857
4,10202.250813007355,38000,-21.037638545591918
9,10216.492599725723,38000,-33.62370845985137
7,10229.697102308273,38000,-21.01322841632696
2,10237.768664121628,38000,-33.082691746288184
8,10244.010549783707,38000,-31.689871887273963
1,10251.395492315292,38000,-32.63150639091894
5,10251.414156198502,38000,-21.038851264938366
3,10264.412942647934,38000,-21.042831726623056
6,10402.201004505157,39000,-12.470703943071928
0,10480.617497682571,39000,-29.317499657111995
4,10483.622772216797,39000,-21.15401479790429
9,10487.77646613121,39000,-33.61116200917369
7,10497.603496789932,39000,-21.11324223782304
2,10500.529858350754,39000,-33.18424534475913
5,10521.525915384293,39000,-21.152431411068292
8,10529.210124254227,39000,-31.89615907378711
1,10531.101861000061,39000,-32.569600099361544
3,10550.963725805283,39000,-21.090906955457168
6,10680.543995857239,40000,26.01959337941594
0,10763.588774442673,40000,-29.705137620669785
9,10771.00178694725,40000,-33.61884832574329
4,10771.897854566574,40000,-21.074011683222853
7,10780.763379573822,40000,-21.07378238333834
2,10788.342609405518,40000,-33.18703803080892
5,10803.672450065613,40000,-21.16283454090741
1,10808.050396203995,40000,-32.65422374999218
8,10812.755245447159,40000,-31.10680332762388
3,10832.693340063095,40000,-21.056006616210144
6,10887.74010682106,41000,667.2917527973943
4,11041.867436170578,41000,-21.210634659694083
0,11046.216322898865,41000,-29.561208496014473
6,11047.821863651276,42000,456.77176342177313
9,11060.264400482178,41000,-22.811762672838018
7,11067.4908721447,41000,-21.039021182502175
2,11073.925678730011,41000,-33.16366246259412
1,11076.550278425217,41000,-32.65907353704345
8,11085.735750675201,41000,-31.186177265844332
5,11097.64666557312,41000,-21.108463183144305
3,11116.431360721588,41000,-21.1393876547623
6,11255.90272474289,43000,406.44381538012874
4,11313.029054880142,42000,-22.043153282858224
9,11315.97449684143,42000,-22.025910579341335
0,11322.63372039795,42000,-28.860602290487318
7,11338.08171916008,42000,-21.14345915074508
2,11348.488103866577,42000,-33.13961208958786
1,11360.154869556427,42000,-32.54881238021548
8,11373.499487638474,42000,-30.619911119002964
3,11375.706633329391,42000,-21.11482729302519
5,11379.797098636627,42000,-21.143775389190772
6,11480.25246167183,44000,110.14557806358133
4,11589.276677131653,43000,-21.478339749192195
9,11610.392003536224,43000,-21.616306797129866
7,11619.049098968506,43000,-21.09941003829769
0,11620.587001800537,43000,-28.838543179342018
2,11632.037305355072,43000,-33.12943921055508
8,11648.207146167755,43000,-30.46793629403825
1,11649.137567996979,43000,-32.48567925594971
3,11666.873813867569,43000,-21.12856399598796
5,11672.194823980331,43000,-21.135960627691194
6,11741.877434253693,45000,220.08518825482935
4,11865.845048189163,44000,-21.086563391731246
9,11885.993742227554,44000,-21.49012866995372
2,11889.369300365448,44000,-33.17577599155602
7,11898.70572757721,44000,-21.166705428096563
0,11902.453324079514,44000,-28.737894605305524
1,11925.785437107086,44000,-32.31752354479433
8,11930.67886185646,44000,-31.01861971428883
6,11948.491415023804,46000,488.200605320413
3,11949.832090139389,44000,-21.052779285163247
5,11960.668157100677,44000,-21.097697436663154
4,12140.77258014679,45000,-21.068375757639075
2,12156.847515583038,45000,-33.1543181191872
9,12162.864804983139,45000,-21.88404051280872
0,12172.049445390701,45000,-28.27207215992764
7,12176.016902446747,45000,-21.014474471302968
1,12192.778569459915,45000,-32.28480598610457
6,12196.938869476318,47000,214.45439265079148
8,12205.730032205582,45000,-31.013337817011653
5,12233.23964047432,45000,-21.048323206184435
3,12242.760815143585,45000,-21.14448465172867
4,12422.49413228035,46000,-21.0513255186423
6,12425.093161821365,48000,465.9561007717454
2,12432.773284435272,46000,-33.093401633456104
0,12444.838478565216,46000,-27.52234786019301
9,12446.382206916809,46000,-21.58093351190937
7,12457.963558912277,46000,-21.067198581355413
1,12472.773359775543,46000,-32.07328202793022
8,12486.55332326889,46000,-31.091684498504314
5,12512.763006925583,46000,-21.04193956569151
3,12518.467220306396,46000,-21.04815869747717
6,12661.043004989624,49000,283.9374089450085
2,12702.444545269012,47000,-33.11652121543144
4,12706.326395273209,47000,-21.112272616201768
9,12713.250048398972,47000,-21.274362557341522
0,12714.033509969711,47000,-26.758314164262643
7,12735.167029380798,47000,-21.03945094870239
1,12742.543215036392,47000,-31.86685406311035
8,12767.581906795502,47000,-30.622488612880602
3,12791.725801467896,47000,-21.04892033489115
5,12793.17180299759,47000,-21.087189111720985
6,12892.581911802292,50000,284.540232217
2,12978.017641305923,48000,-33.14288406528984
4,12981.330852746964,48000,-21.0533066511675
0,12986.097571372986,48000,-18.7022856036463
9,12988.434745550156,48000,-21.43870079980993
7,13007.688150644302,48000,-21.049281695309602
1,13010.803529262543,48000,-31.884782056697787
8,13040.378327131271,48000,-30.139374699595155
5,13055.920436382294,48000,-21.093342451602652
3,13056.610285520554,48000,-21.125764694842278
6,13101.431880950928,51000,202.29203789012155
9,13253.215257167816,49000,-21.353918658830644
4,13256.61916565895,49000,-21.069168079474917
2,13259.782355308533,49000,-33.12792687281388
0,13268.135929822922,49000,-18.678959876910287
1,13289.846676111221,49000,-32.078922887639735
7,13293.015851259232,49000,-21.03321465343158
3,13319.242690563202,49000,-21.065523562127154
8,13323.74346446991,49000,-30.22429313181686
5,13331.75309419632,49000,-21.119737090303293
6,13351.093695163727,52000,607.4775135248307
6,13526.027150630951,53000,813.8331538468925
9,13527.521119117737,50000,-21.18741053633029
4,13531.809079408646,50000,-21.086353857439793
2,13539.001821517944,50000,-33.178917463907744
0,13558.15001821518,50000,-19.00923285184342
1,13562.888867378235,50000,-32.137288255120396
7,13568.123247623444,50000,-21.0576138471907
3,13605.600333929062,50000,-21.06888888304175
8,13615.81957936287,50000,-29.925669042939735
5,13625.611887454987,50000,-21.058019075851597
6,13689.01081442833,54000,810.8293468390708
4,13804.232854127884,51000,-21.105057220482177
9,13807.618442296982,51000,-21.298343749287877
2,13823.544161558151,51000,-33.146113478974414
1,13831.822384595871,51000,-31.856286186379407
0,13839.720161914825,51000,-19.008719996269004
7,13843.502320051193,51000,-21.093950392793886
3,13874.700815916061,51000,-21.099617768711887
6,13880.904394626617,55000,459.92108264917783
8,13892.743395090103,51000,-30.014247326378158
5,13908.216456651688,51000,-21.153806435840536
9,14073.786182641983,52000,-21.273122663824232
4,14087.505470514297,52000,-21.205624136316132
2,14096.027487516403,52000,-33.06959824399457
1,14105.255511283875,52000,-31.79408881880243
7,14115.99756193161,52000,-21.081675716271164
0,14116.31217122078,52000,-19.438672749416934
6,14124.396477222443,56000,138.3782506081226
3,14161.56953239441,52000,-20.92012488789711
8,14161.691262483597,52000,-29.64243831997486
5,14179.398216247559,52000,-21.118537575118804
6,14331.63898897171,57000,816.2203443760621
9,14362.268765449524,53000,-21.21367962181578
4,14365.991704940796,53000,-21.130645853944262
2,14367.636749505997,53000,-33.10685821283806
1,14392.158215284348,53000,-31.887410869977888
0,14394.981920480728,53000,-18.68837441491159
7,14397.17707324028,53000,-21.08704271276538
8,14440.576511621475,53000,-30.050712198431928
3,14442.16972231865,53000,-21.10674248285625
5,14461.55675125122,53000,-21.115176882993214
6,14525.939189910889,58000,760.1497596899643
9,14629.729407072067,54000,-21.277610527497394
2,14633.75283074379,54000,-33.092380172278425
4,14646.63156747818,54000,-21.017001720860918
7,14666.061108589172,54000,-20.971965231747475
1,14677.983559131622,54000,-32.140595502017725
0,14678.673988342285,54000,-18.631506895412205
6,14693.79649591446,59000,485.7842879607129
8,14719.812999725342,54000,-30.3229219854803
3,14730.559059619904,54000,-21.04678109076508
5,14738.101173877716,54000,-21.09165165444228
6,14899.957333087921,60000,266.3801878045066
2,14909.386672258377,55000,-33.12457005279391
9,14913.557232618332,55000,-21.186759158511745
4,14927.723833799362,55000,-20.99682428766565
7,14937.73217368126,55000,-21.006608673473785
0,14950.34191083908,55000,-18.336287486654225
1,14950.519703626633,55000,-31.815501254557304
8,15007.485143661499,55000,-31.056087653807236
3,15009.211194992065,55000,-21.013552536745397
5,15014.61629986763,55000,-21.137972260978607
6,15142.037140607834,61000,239.64227817389542
9,15190.858570337296,56000,-21.182126763326053
2,15198.224557876587,56000,-33.130402772218766
4,15209.140582561493,56000,-21.029949390689694
7,15215.797452449799,56000,-21.043549156654844
0,15224.81569480896,56000,-18.064694764112094
1,15238.530094385147,56000,-31.77567590369844
8,15277.496953725815,56000,-30.911803208145038
3,15292.277899742126,56000,-21.043034942208248
5,15294.348974704742,56000,-21.101954633823702
6,15363.66728258133,62000,809.3820062793017
9,15462.738070964813,57000,-21.27058759186085
2,15467.775251865387,57000,-33.153632327996775
4,15479.446634531021,57000,-21.213766477124132
7,15485.728374481201,57000,-21.043545969313268
0,15512.312919855118,57000,-18.423644766025305
1,15518.876450061798,57000,-31.30363624872166
6,15521.928805112839,63000,810.6721295225716
3,15543.381676912308,57000,-21.05395045340343
8,15547.826025485992,57000,-30.911891525492322
5,15562.204045295715,57000,-21.285824244386077
6,15685.23174738884,64000,687.7462153384512
9,15732.778925418854,58000,-21.195509102671362
2,15733.468301773071,58000,-33.158710839965835
4,15737.02009177208,58000,-21.67049961844954
7,15750.517820835114,58000,-21.053923400987806
0,15784.927883386612,58000,-17.81619983726862
1,15787.149388074875,58000,-31.130529984615485
3,15814.244442224503,58000,-21.02722470989409
8,15825.128232002258,58000,-31.196316814514
5,15842.63482952118,58000,-21.592673954331584
6,15878.618363380432,65000,673.7335798680755
9,16002.262961149216,59000,-21.23571895287983
2,16012.980315446854,59000,-33.07465562008976
4,16014.907935857773,59000,-21.254895996057805
7,16029.202670574188,59000,-21.04620701953692
6,16038.86879324913,66000,815.0729861846802
1,16064.219590902328,59000,-31.03500973047486
0,16064.950058937073,59000,-18.01284858988386
3,16088.07917046547,59000,-21.126995502391797
8,16111.476285219193,59000,-30.837694069264625
5,16123.12907409668,59000,-21.40233175341903
6,16248.442590713501,67000,431.28811358244116
9,16282.16848564148,60000,-21.274259828971324
2,16291.202835321426,60000,-33.04274536445505
7,16293.305523872375,60000,-20.980385248586956
4,16295.334515094757,60000,-21.26799140175379
0,16342.129394292831,60000,-17.318235206332712
1,16345.491527557373,60000,-28.08223278172925
3,16363.166927814484,60000,-21.082357574759996
8,16395.946058750153,60000,-31.061398958424828
5,16402.498603582382,60000,-21.17013177950103
6,16442.45435500145,68000,443.0216675309184
9,16557.061497926712,61000,-21.162717704391397
2,16565.492792129517,61000,-33.07966269256173
7,16566.234509944916,61000,-21.142912508244297
4,16571.734193086624,61000,-21.25448953723242
0,16626.081528902054,61000,-17.23118345402333
1,16631.27804851532,61000,-21.49238483976072
6,16641.252593517303,69000,815.565264134049
3,16644.00249838829,61000,-21.0015955924017
8,16656.870301246643,61000,-30.958409649790248
5,16675.837286233902,61000,-21.173144319158922
6,16817.041636943817,70000,466.49208750184954
9,16825.778663635254,62000,-21.26604069040348
2,16848.068054437637,62000,-33.13125671829191
7,16852.102162599564,62000,-21.14794218325194
4,16854.75588274002,62000,-21.192143349596996
1,16890.510001659393,62000,-21.345551445516318
0,16912.811549186707,62000,-16.747103077309273
3,16917.401455640793,62000,-21.029547269505624
8,16936.729536533356,62000,-30.50275331904572
5,16947.50386285782,62000,-21.176888514559725
6,16992.3924369812,71000,766.744623499477
9,17106.379874944687,63000,-21.226316695931192
2,17114.037933826447,63000,-33.03603711228978
7,17147.20897912979,63000,-21.07652447902214
4,17154.933193922043,63000,-21.148315909144323
6,17168.352679491043,72000,477.74360240731744
1,17173.18886446953,63000,-21.257905761094193
3,17187.444610118866,63000,-21.13243005410587
0,17188.28901743889,63000,-16.610781968522087
8,17214.67024731636,63000,-30.475932009381513
5,17231.544598579407,63000,-21.164101383744267
9,17380.294449806213,64000,-21.267829829211294
2,17402.092267751694,64000,-32.61202745708609
6,17402.40514063835,73000,432.46216015419725
4,17429.41096663475,64000,-20.974471393636133
7,17439.37211036682,64000,-21.019805733597387
3,17454.314041614532,64000,-21.059272798752527
1,17463.05011820793,64000,-21.13050780780084
0,17470.768576860428,64000,-16.650137335836842
8,17485.82513976097,64000,-30.088502040659183
5,17524.584571123123,64000,-21.07143763356318
6,17609.316214561462,74000,456.13116524695596
9,17658.84414958954,65000,-21.252606603067342
2,17678.200172424316,65000,-32.05461262790552
4,17706.711055755615,65000,-21.03322900703839
7,17721.452867269516,65000,-20.98055372745018
3,17747.193786144257,65000,-21.07581411695503
1,17749.157130241394,65000,-21.108128940767745
0,17751.0441198349,65000,-16.306537403095955
8,17758.800395727158,65000,-30.371098680191167
6,17771.641340255737,75000,677.3463053485517
5,17800.844176054,65000,-21.067049346460898
9,17938.90883541107,66000,-21.291355334370113
0,17968.105486392975,66000,835.6262682847123
2,17972.104795217514,66000,-32.46182806151999
6,17977.12258386612,76000,168.85378235140615
4,17985.395154953003,66000,-21.006086760583397
7,18014.880661010742,66000,-21.01409632557928
1,18022.540999650955,66000,-21.088860153445705
3,18025.519245386124,66000,-21.14050761904486
8,18038.07879424095,66000,-31.093411305759076
5,18087.02373290062,66000,-21.09493601398952
6,18170.37607240677,77000,641.5448315367088
0,18187.98850607872,67000,271.26360019636945
9,18212.268510580063,67000,-21.164458936580345
4,18250.620670318604,67000,-21.032426784134877
2,18253.815423727036,67000,-32.93652706742588
7,18289.30909347534,67000,-21.018268061027293
3,18297.240035533905,67000,-21.004248971711707
1,18297.868729114532,67000,-21.115474323057352
8,18313.884912014008,67000,-31.402987813253866
5,18368.90483570099,67000,-21.098110041681124
0,18381.355835437775,68000,721.4917170171971
6,18399.73952102661,78000,151.46472743639245
9,18488.497231006622,68000,-21.253511379592037
2,18521.6804022789,68000,-33.1686036172363
4,18533.067070961,68000,-21.260513437410527
7,18560.131519317627,68000,-21.078657622003444
3,18566.84700369835,68000,-21.062201010028566
1,18578.500403165817,68000,-21.208147646399436
8,18590.9444937706,68000,-31.191602461946296
5,18639.608614206314,68000,-21.127591314895284
0,18649.27280688286,69000,14.364211853961168
6,18664.438804388046,79000,111.3682691834684
9,18760.275797128677,69000,-21.338235275809758
2,18809.468573093414,69000,-32.99105860307053
4,18813.972519636154,69000,-21.19098153399076
7,18832.25847697258,69000,-21.07933959411349
3,18842.563281297684,69000,-21.034600056915888
1,18848.12198638916,69000,-21.091087618470038
8,18860.16245150566,69000,-30.7053279695924
6,18877.16365981102,80000,304.04287787611537
5,18914.149097681046,69000,-21.04614070218177
0,18941.90710544586,70000,-7.989346343210453
9,19047.461151838303,70000,-21.328747904332452
4,19087.30256485939,70000,-21.075030401449357
2,19098.9578871727,70000,-33.047213060619086
7,19117.694920539856,70000,-21.05440613037232
6,19119.944341897964,81000,164.19525720366948
1,19128.371557474136,70000,-21.10599262275543
3,19138.618032693863,70000,-21.125902223692705
8,19142.500649690628,70000,-31.303065749599718
5,19203.19145846367,70000,-21.06959907779258
0,19230.83685207367,71000,-15.989965402056582
9,19335.858944892883,71000,-21.24099717806109
4,19363.515674591064,71000,-21.142168597724226
2,19382.668025493622,71000,-32.9168170876857
6,19391.302528381348,82000,28.695105536381387
7,19394.888180732727,71000,-21.103916024482555
1,19413.644951343536,71000,-21.093741831201015
8,19418.712270975113,71000,-31.491115194753082
3,19419.35316324234,71000,-21.05856806479796
5,19488.12373328209,71000,-21.095557766339038
0,19514.235572576523,72000,-16.21630917150425
9,19609.73738002777,72000,-21.217496863602438
4,19644.67242884636,72000,-21.00551010554682
6,19657.50114965439,83000,181.47511638108236
2,19658.473739385605,72000,-32.68158851793974
7,19677.924930095673,72000,-21.01991270363728
1,19688.020922660828,72000,-21.124019383894723
8,19692.65548491478,72000,-31.56138926103113
3,19696.698556423187,72000,-21.008915961718348
5,19756.74051451683,72000,-21.062289009661598
0,19779.293472766876,73000,-16.211345331846402
9,19877.116221904755,73000,-21.207370104815418
4,19922.204698562622,73000,-21.25315154536463
2,19933.14382982254,73000,-31.199747203361657
6,19945.820974588394,84000,-12.516392563747857
7,19952.902436733246,73000,-21.069138453505243
3,19971.569519281387,73000,-21.00096864924909
1,19975.075872182846,73000,-21.144609302912617
8,19977.84759759903,73000,-31.149955800503893
5,20031.519454717636,73000,-21.071356167082776
0,20042.325437307358,74000,-16.442874776722544
9,20149.30583882332,74000,-21.18468318935823
4,20194.359496831894,74000,-21.273351996592428
2,20210.538903713226,74000,-32.712428505463244
6,20226.66307091713,85000,-12.591621428075596
1,20250.78768181801,74000,-21.167134432517276
7,20253.000042438507,74000,-21.076592739484237
8,20256.842929840088,74000,-30.829146908454632
3,20257.02663707733,74000,-21.00316260375265
5,20300.79568219185,74000,-21.119499982500507
0,20310.846198797226,75000,-16.50281244606956
9,20424.77090716362,75000,-21.140282441066496
4,20471.135030031204,75000,-21.094709925607855
2,20488.454648971558,75000,-32.63850301410859
6,20493.96902489662,86000,-6.486919946207187
1,20521.62833881378,75000,-21.033312380142306
7,20524.950361967087,75000,-21.016231821428175
3,20534.84470486641,75000,-21.03705179054324
8,20534.85355091095,75000,-30.66118515132199
5,20587.1514043808,75000,-21.022658075008867
0,20591.55500459671,76000,-16.3181605311283
9,20702.163568019867,76000,-21.256596782474425
4,20755.654901266098,76000,-21.201319631692844
6,20763.07953453064,87000,-16.257472082409542
2,20769.499325990677,76000,-32.84787408791441
7,20806.150998353958,76000,-21.029145708713816
1,20806.759086370468,76000,-21.06526149403028
3,20807.487493276596,76000,-21.014841046187197
8,20815.052974939346,76000,-29.74471744740924
0,20870.862909078598,77000,-16.73371322980868
5,20874.956124544144,76000,-21.06704293979323
9,20976.45449280739,77000,-21.184014551155755
4,21019.118254184723,77000,-21.0763357236806
6,21028.476385831833,88000,-16.36157723422509
2,21044.639102220535,77000,-32.3817857033375
7,21075.605487585068,77000,-21.106561803108676
3,21081.108217954636,77000,-21.0654812751754
8,21088.159889936447,77000,-24.173356946441263
1,21089.22984147072,77000,-21.15944543525484
0,21144.986982107162,78000,-16.427884279344177
5,21150.671415805817,77000,-21.121945206795107
9,21260.45883655548,78000,-21.181659842913408
4,21285.033276557922,78000,-21.17368024047724
6,21305.088847398758,89000,-16.107918710933177
2,21320.287297725677,78000,-32.86364868028762
7,21337.01857495308,78000,-21.13944571866643
1,21360.16218304634,78000,-21.492762843062984
3,21360.37915802002,78000,-21.007223544772422
8,21374.479427576065,78000,-21.240335677554466
0,21399.80670928955,79000,-16.07239730200205
5,21429.00056552887,78000,-21.143888120939668
9,21531.029736995697,79000,-21.218038536870562
6,21552.364270687103,90000,-16.400647338068037
4,21559.884483337402,79000,-20.995208594563643
2,21596.271067142487,79000,-32.76771150748723
7,21619.22692513466,79000,-20.93752622493254
3,21644.377034902573,79000,-21.07814107108266
8,21656.333429336548,79000,-21.240057273550782
1,21657.652101516724,79000,-21.205964714374527
0,21666.880593061447,80000,-16.31599369394451
5,21700.579697847366,79000,-20.972482977397156
9,21817.549933433533,80000,-21.19398704002012
6,21821.82545018196,91000,-16.17966293350941
4,21840.61441397667,80000,-21.041659000380232
2,21869.832308769226,80000,-33.06093202274021
7,21899.1824054718,80000,-21.051553655638134
8,21924.906344413757,80000,-21.063985737798994
3,21925.63704442978,80000,-21.094351973737606
1,21927.00221633911,80000,-21.09236791792884
0,21939.014897584915,81000,-16.242414333473675
5,21983.775688886642,80000,-21.106776934131084
6,22083.27064681053,92000,-16.25063224157415
9,22104.255628824234,81000,-21.301115759757128
4,22118.28543305397,81000,-21.058964170741298
2,22148.874891757965,81000,-33.1012794444019
7,22188.473970413208,81000,-21.075841889611585
3,22209.01844906807,81000,-18.169157947117313
1,22212.4289829731,81000,-21.111034489274843
0,22213.880313158035,82000,-16.2992564421404
8,22215.52021098137,81000,-21.175204152641026
5,22269.95628809929,81000,-21.11171758606254
6,22362.80096244812,93000,-16.408063684631816
9,22383.926669836044,82000,-21.099240153657334
4,22392.464909553528,82000,-20.97467915141165
2,22428.03538417816,82000,-32.971085286950135
7,22462.603765249252,82000,-21.017265315169777
3,22485.976452112198,82000,-17.81757016642611
1,22489.919078588486,82000,-21.090059434962935
8,22489.96472144127,82000,-21.55701217571626
0,22495.38375043869,83000,-16.3383972103874
5,22539.510994434357,82000,-21.064850909338638
6,22641.051121473312,94000,-16.516169948036914
9,22661.77896618843,83000,-21.1443418443994
4,22665.122888565063,83000,-21.11303614441123
2,22698.21186900139,83000,-33.206849998477644
7,22734.114017009735,83000,-21.1520953450346
3,22743.35555744171,83000,-18.269170374411917
8,22754.572276592255,83000,-21.332937736165636
0,22771.280266046524,84000,-16.33851602245884
1,22779.09262919426,83000,-21.221646805934615
5,22814.61174917221,83000,-21.21193814538789
6,22917.246968746185,95000,-16.483087389566535
4,22938.108575582504,84000,-21.01420259199227
9,22944.50098824501,84000,-21.198184354911447
2,22969.534856319427,84000,-32.96379316682867
7,23003.581346988678,84000,-21.055690685333204
3,23020.642256975174,84000,-18.53624473334047
0,23031.99621939659,85000,-16.06576564314811
8,23036.594301223755,84000,-21.23251173013948
1,23065.032494544983,84000,-21.19439126549378
5,23093.66962504387,84000,-21.09592919490615
6,23191.207938432693,96000,-16.48080287119808
4,23205.513038873672,85000,-20.989719921802447
9,23214.757169246674,85000,-21.125829245372344
2,23255.243180274963,85000,-32.970969661186736
7,23283.43031334877,85000,-20.99943397767503
3,23294.69566965103,85000,-17.605851165016546
0,23315.2122027874,86000,-11.755746847250844
8,23318.898921251297,85000,-20.92121974553298
1,23339.95109272003,85000,-21.07138707087087
5,23361.39984536171,85000,-21.06638230550864
6,23468.907272338867,97000,-16.3631934741783
4,23479.66950249672,86000,-21.037808131906
9,23482.779132843018,86000,-21.189811141669374
2,23539.27881026268,86000,-33.00472630732719
3,23544.333020210266,86000,-21.07306311973422
7,23547.597140073776,86000,-20.974033454771003
0,23571.17966747284,87000,-16.264533406148573
8,23581.556528568268,86000,-21.204337454633137
1,23613.20225763321,86000,-21.055937725951694
5,23633.93717098236,86000,-21.03604430427996
4,23741.038310050964,87000,-21.2975310855377
6,23748.486164808273,98000,-16.070169518202412
9,23763.46829867363,87000,-21.286733424775367
3,23812.879263162613,87000,-21.090296444624574
2,23817.730486154556,87000,-32.89444223376031
7,23818.530376672745,87000,-21.004552488827557
0,23840.11493086815,88000,-16.420255640700965
8,23852.02968430519,87000,-21.069277970771935
1,23876.3826379776,87000,-21.089912369289195
5,23910.686063051224,87000,-20.99431670942364
6,23966.539934158325,99000,89.43571121417057
4,24013.05186033249,88000,-21.108133587574923
9,24035.516677379608,88000,-21.195929263936208
3,24080.86248397827,88000,-20.924088367196934
7,24083.0354514122,88000,-21.00747830459472
2,24088.19428873062,88000,-31.729960970736574
0,24116.096492528915,89000,-16.271468998599335
8,24133.597174167633,88000,-21.204587180029126
1,24152.433505773544,88000,-21.023054034845444
5,24185.73084115982,88000,-21.05482126406205
6,24226.79418349266,100000,259.8241360213773
4,24291.052109241486,89000,-21.206832727252312
9,24323.046032190323,89000,-21.233534546449867
3,24357.679881095886,89000,-21.003180056261513
7,24366.74423623085,89000,-21.12084552702262
2,24377.471318244934,89000,-31.7822252178396
0,24398.593477010727,90000,-16.277297469981335
6,24404.936765909195,101000,701.7402917204402
8,24415.948313713074,89000,-21.29450154504941
1,24437.339428424835,89000,-21.084874213716915
5,24474.13975262642,89000,-21.10171980258795
4,24563.72559738159,90000,-21.061485963385316
9,24596.049388170242,90000,-21.588300443731782
3,24636.483110904694,90000,-21.125331134697536
7,24636.958364009857,90000,-20.95555601905577
6,24638.52503657341,102000,464.962145532564
2,24656.215692043304,90000,-27.861960692846914
0,24665.125631332397,91000,791.5957349644538
8,24686.992926359177,90000,-19.455584730136376
1,24716.052851200104,90000,-20.999659857371842
5,24765.566275835037,90000,-21.011100974125338
6,24842.179055929184,103000,453.9571704040703
4,24846.68669462204,91000,-21.176892403369997
9,24888.415147066116,91000,-21.13662564205041
7,24917.8843998909,91000,-21.034691814493918
0,24920.310027837753,92000,-15.812805394164199
3,24926.68023943901,91000,-21.081388908161248
2,24930.877851486206,91000,-20.244386587657416
8,24977.879568576813,91000,-19.956092353779397
1,25003.19557952881,91000,-21.123556845464535
5,25045.550231218338,91000,-21.074323030687175
6,25073.534419059753,104000,461.94940139295824
4,25120.57341527939,92000,-21.120523092174725
9,25169.890268325806,92000,-21.25956334718645
3,25187.94619345665,92000,-21.09993918855076
0,25197.722405910492,93000,-11.149521107985162
7,25204.592463731766,92000,-21.013989807482957
2,25213.472333431244,92000,-20.04412351409688
8,25261.28170490265,92000,-20.0494395876495
6,25266.510117292404,105000,493.58786777366663
1,25266.985593557358,92000,-21.076901720399764
5,25329.08593082428,92000,-21.06673171582507
4,25398.10774922371,93000,-21.08668799608673
9,25443.706988573074,93000,-21.277103149295957
3,25466.125426530838,93000,-20.94740512902618
0,25471.291439056396,94000,7.1754842361712425
7,25478.337575912476,93000,-21.019585886882947
2,25496.01841402054,93000,-19.73603069299798
6,25516.01330947876,106000,43.63863830029261
8,25538.282943487167,93000,-21.07746162270314
1,25540.644042015076,93000,-21.076653798737283
5,25597.058006048203,93000,-21.04145831916674
4,25692.132303714752,94000,-21.03229775114322
9,25714.820583820343,94000,-21.151324704948955
0,25740.39070749283,95000,-5.89048135469669
3,25756.54798054695,94000,-21.03059360345329
7,25766.827006340027,94000,-20.989251176901153
2,25769.739270210266,94000,-19.298976209395054
6,25799.21148276329,107000,47.00555749742034
1,25800.2158138752,94000,-21.029339661201544
8,25808.137534618378,94000,-20.154384936499227
5,25865.31677389145,94000,-21.029585709727368
4,25961.596101999283,95000,-21.161950949934564
9,26000.576500415802,95000,-21.145040932682083
0,26023.206105709076,96000,-15.958193865491376
7,26038.31976699829,95000,-21.119302181505414
2,26039.129002809525,95000,-19.170165406169488
3,26040.550797700882,95000,-21.040952491209808
6,26069.72905611992,108000,32.51133804279088
1,26071.603138923645,95000,-21.113210018554074
8,26076.5398209095,95000,-19.971411330709678
5,26132.434119462967,95000,-21.06201689805416
4,26235.633575439453,96000,-21.155427995644203
9,26286.52360200882,96000,-21.167473135197888
0,26290.402671575546,97000,8.733307504879372
3,26300.727689266205,96000,-21.030968465410655
2,26311.19040608406,96000,-19.46795836099739
7,26319.421416521072,96000,-21.045139608832315
6,26338.382676124573,109000,-0.11492726420372186
1,26341.821725845337,96000,-21.084664653584746
8,26353.272820472717,96000,-19.526789443503816
5,26411.277768850327,96000,-21.11949877346511
4,26494.75665974617,97000,-21.198979051469472
9,26556.158447742462,97000,-21.208025328443167
0,26568.857698202133,98000,12.754886797852542
3,26569.781099557877,97000,-21.060154040595375
2,26582.570963859558,97000,-19.23288773904968
7,26589.756443738937,97000,-21.01153149335185
8,26599.701000213623,97000,-19.41883179078608
6,26602.310269594193,110000,2.5160590628962907
1,26604.145474910736,97000,-21.173760306794016
5,26687.640117883682,97000,-21.10303594058826
4,26771.46484398842,98000,-21.07106695102198
6,26775.67298102379,111000,823.5183704006326
9,26822.786596775055,98000,-21.136866665835957
3,26845.82467150688,98000,-21.063169862451037
0,26846.095124721527,99000,12.01224472285067
2,26850.67744922638,98000,-19.077740817728866
7,26856.47412085533,98000,-21.00064826258331
1,26875.324051380157,98000,-21.16480436651039
8,26875.434920310974,98000,-20.253243849740752
6,26949.541761875153,112000,829.5428580913119
5,26965.56339120865,98000,-21.052764287407275
4,27040.01207923889,99000,-21.14775453073608
9,27110.954067230225,99000,-21.175747390650784
6,27118.257318258286,113000,477.57399848197
3,27123.37832403183,99000,-21.077396269096496
7,27130.605798006058,99000,-21.016725821025762
0,27132.78702712059,100000,-11.513602331807112
2,27134.264778137207,99000,-19.458224077456595
8,27136.84336423874,99000,-20.05674338483743
1,27152.459841012955,99000,-21.066791343364198
5,27253.8845140934,99000,-21.066014059083965
4,27325.855543613434,100000,-21.217116418149626
6,27359.388150930405,114000,272.6567471205944
9,27397.575897216797,100000,-21.04951567952548
3,27404.92427444458,100000,-16.749363849486077
7,27413.926188230515,100000,-21.069578508346382
2,27419.04085946083,100000,-19.36902225281403
8,27421.373600244522,100000,-21.02621570529319
0,27422.547252178192,101000,-15.943818178694002
1,27428.881645202637,100000,-21.267156638481005
5,27530.99063849449,100000,-21.1759799629321
6,27598.179165124893,115000,280.6145946837876
4,27598.851716279984,101000,-21.181406376768287
9,27662.048548221588,101000,-21.07451988700034
2,27684.844423532486,101000,-19.08976494086755
7,27689.213991880417,101000,-21.03551613911707
8,27690.173319101334,101000,-21.299699768145082
3,27693.50581240654,101000,-17.391390807996885
0,27716.808526039124,102000,-16.01742589447071
1,27719.733270406723,101000,-21.071412297806575
5,27807.294580221176,101000,-21.09437862379519
6,27827.860974788666,116000,276.757010299485
4,27870.33314538002,102000,-21.069868994611603
9,27927.810737848282,102000,-21.275893876483924
2,27953.535692453384,102000,-19.65563275448956
8,27962.270780801773,102000,-22.562484986415328
7,27966.23499751091,102000,-21.007657799347868
3,27966.754207372665,102000,-17.3307910743236
0,27997.86236524582,103000,2.201112175610895
1,28008.21117424965,102000,-21.04798756341716
6,28072.161584854126,117000,65.03829613818847
5,28081.911168813705,102000,-21.07202119724366
4,28127.874509096146,103000,-20.987912106005915
9,28204.2130215168,103000,-21.15724134317657
2,28237.197764396667,103000,-19.62409277269361
8,28238.435563087463,103000,-22.149080389174472
3,28240.391262054443,103000,-16.997553763953157
7,28240.69879078865,103000,-21.056890308354046
0,28272.94468641281,104000,43.43362348400732
1,28278.56512594223,103000,-21.049783250312824
6,28341.228462934494,118000,0.20771939446151572
5,28354.02879834175,103000,-21.094988705520347
4,28399.930525541306,104000,-20.977580377295148
9,28490.31952905655,104000,-21.126221230579066
2,28500.624693870544,104000,-19.41256713542943
8,28516.229257822037,104000,-21.459478616672516
3,28519.12244606018,104000,-11.332544394670606
7,28524.982379198074,104000,-21.104388232158456
0,28539.66521692276,105000,-8.139320676798706
1,28552.54167985916,104000,-21.118510457722213
6,28613.12934923172,119000,-6.089688582447341
5,28634.424201726913,104000,-21.5716057008877
4,28673.56356024742,105000,-21.12907324714965
9,28768.567407369614,105000,-21.068190948610695
2,28768.95236182213,105000,-19.406755947540535
8,28792.706436872482,105000,-21.028526889820093
3,28796.741777420044,105000,-17.326561648398975
7,28802.577480316162,105000,-21.149938290279696
0,28836.613557100296,106000,-15.890176157879218
1,28855.358633756638,105000,-21.336060196532966
6,28898.053696870804,120000,-12.482079201909372
5,28917.88010263443,105000,-21.185079321450353
4,28951.514851808548,106000,-20.976524433823187
9,29048.330322504044,106000,-21.230277472356846
8,29051.72168803215,106000,-20.99750094828589
2,29052.743346214294,106000,-19.66167919227633
3,29068.148738861084,106000,-17.40849679793171
7,29070.806264162064,106000,-21.027265113769648
0,29109.49752521515,107000,-15.9890931594763
1,29127.00487136841,106000,-21.094113369629596
6,29179.22407245636,121000,-16.188962687461434
5,29194.104362487793,106000,-21.050595901938106
4,29226.916709661484,107000,-21.01785162403796
9,29316.443111419678,107000,-21.164934775821308
2,29319.33322453499,107000,-19.528373880054854
8,29322.75881767273,107000,-20.449705670740126
3,29345.737149000168,107000,-17.3745695839485
7,29347.80533695221,107000,-20.97894303555155
0,29386.95390677452,108000,-16.124909932924353
1,29403.17276620865,107000,-21.119937640743288
6,29454.53714299202,122000,-11.954201810997763
5,29467.561953306198,107000,-21.044919133997702
4,29503.77812743187,108000,-20.96398661093174
9,29582.341397047043,108000,-21.124804010556623
8,29598.135672807693,108000,-19.348620425242643
2,29604.219618558884,108000,-19.902079958999842
3,29620.05561518669,108000,-17.515267824221706
7,29629.059668064117,108000,-20.891842095973633
0,29659.39174389839,109000,-16.124058353940136
1,29687.74710726738,108000,-21.0139596358434
6,29731.919713258743,123000,-8.059376079293731
5,29742.87520813942,108000,-21.068307256029144
4,29784.19009423256,109000,-21.015103146950487
9,29860.150886774063,109000,-21.116168986397952
2,29874.8805000782,109000,-19.76747404751293
8,29884.996509075165,109000,-17.582128109890963
3,29902.707374334335,109000,-17.545010348777666
7,29916.624932527542,109000,-20.98699904643156
0,29950.352499246597,110000,-16.374301737532488
1,29969.51759314537,109000,-21.05539305547047
6,30008.620322704315,124000,-12.007949557072731
5,30011.418452501297,109000,-21.10970887035679
4,30061.840651273727,110000,-21.036337904982833
9,30134.973367214203,110000,-21.128027906133617
8,30159.773193597794,110000,-17.68163000010226
2,30162.82053899765,110000,-19.54251156938712
3,30187.818952798843,110000,-17.912501782577305
7,30190.18919467926,110000,-21.067919898986233
0,30241.1644616127,111000,-16.416741313866133
6,30243.609186172485,125000,352.12192309422966
1,30259.296815156937,110000,-21.113940596603552
5,30290.441313266754,110000,-21.10744443931976
4,30354.68686246872,111000,-21.026932616876984
9,30419.920122623444,111000,-21.142562011022275
2,30457.453711271286,111000,-19.63489986089336
8,30458.545919418335,111000,-17.978636218888738
6,30464.899218320847,126000,563.6031450955776
3,30466.801520347595,111000,-17.780539692967295
7,30468.60080432892,111000,-21.042332616154223
0,30512.317047595978,112000,-16.463868544496005
1,30545.059333086014,111000,-21.11798280020303
5,30558.704480171204,111000,-21.12671611028109
4,30638.932794094086,112000,-21.013071120537255
6,30667.25797867775,127000,686.5477519801144
9,30700.080816030502,112000,-21.123486188992715
2,30732.47904086113,112000,-19.705710082553342
8,30733.979784488678,112000,-17.741848302015832
7,30736.259351730347,112000,-20.96459701806814
3,30742.40039730072,112000,-18.052188874078908
0,30782.81365299225,113000,-16.604655132120122
1,30823.83026742935,112000,-21.073811817003516
5,30825.200372219086,112000,-21.10552003080526
6,30852.088706493378,128000,686.2078366323506
4,30926.671701431274,113000,-20.93283442777629
9,30956.113468170166,113000,-21.096453452919746
6,31006.24185681343,129000,828.8334029172455
8,31006.344165086746,113000,-17.41390606195253
7,31008.288021326065,113000,-20.96510366109168
2,31015.281684160233,113000,-19.56133326514319
3,31026.55497789383,113000,-18.290805866224296
0,31046.738510608673,114000,-16.366432738216808
1,31101.910139083862,113000,-20.995530277648797
5,31111.650560617447,113000,-21.01376696349337
6,31183.556368112564,130000,696.0342082697653
4,31199.715621471405,114000,-20.979364861225804
9,31236.225952386856,114000,-21.15052961517613
8,31286.547199487686,114000,-17.770770744426628
2,31289.46736049652,114000,-19.840670792371508
7,31289.906302928925,114000,-20.905387671851667
3,31306.963415145874,114000,-21.059288857831586
0,31334.106860399246,115000,-16.363800316407932
6,31348.911787748337,131000,690.6603799170024
5,31379.541258096695,114000,-21.027219810432328
1,31381.31710267067,114000,-21.005841645286672
4,31484.38467502594,115000,-21.016056454745424
9,31513.895280838013,115000,-21.125551555740902
8,31558.647911787033,115000,-17.673792120735214
7,31562.63504767418,115000,-21.0707281128998
2,31567.103685617447,115000,-19.694326361278353
3,31587.1056599617,115000,-21.053780891013368
6,31592.0827357769,132000,363.5329128764138
0,31613.38162779808,116000,-16.30359402327431
5,31656.007040977478,115000,-21.068225396071345
1,31662.057787895203,115000,-22.443833550389968
4,31753.271161079407,116000,-21.108298334231176
9,31783.24022912979,116000,-21.103316345890107
6,31811.579911231995,133000,280.99035510037845
7,31821.53289270401,116000,-21.05252952829004
8,31829.444006204605,116000,-16.89470520046458
2,31843.27389907837,116000,-19.905678828965005
3,31844.808693647385,116000,-21.043001181096525
0,31895.99805665016,117000,-16.024680675167982
1,31922.13934326172,116000,-21.033536909083722
5,31922.236629486084,116000,-21.02258319835192
4,32023.269045114517,117000,-21.005133513679322
6,32030.735950231552,134000,551.7571525356631
9,32062.286165237427,117000,-21.141227352715614
8,32098.65115594864,117000,-17.10185933369526
7,32104.25125670433,117000,-21.033355826508295
2,32116.7630341053,117000,-19.78248615830589
3,32122.41727924347,117000,-21.038203485497643
0,32168.225723981857,118000,-16.365246088197967
5,32189.638230085373,117000,-21.08800763765518
1,32199.163150072098,117000,-21.098648812232206
6,32274.379755735397,135000,88.81908231094422
4,32310.263016939163,118000,-21.062129192884505
9,32343.856043100357,118000,-21.153580698895976
7,32374.179763793945,118000,-21.057515138718713
8,32374.328397750854,118000,-17.109494381411963
3,32391.56669473648,118000,-21.104065892240566
2,32406.001281499863,118000,-19.896313907641385
0,32445.885694265366,119000,-16.32043174577075
5,32470.76271033287,118000,-21.02779967507148
1,32482.807235717773,118000,-20.982377407052695
6,32547.462348222733,136000,28.60654080000222
4,32593.146320581436,119000,-21.14426419891371
9,32622.91000199318,119000,-21.083437213028468
7,32645.162163734436,119000,-21.042437788295448
8,32653.572009801865,119000,-17.64559551652327
3,32666.34618330002,119000,-21.035882120335796
2,32681.230766057968,119000,-19.70928957477051
0,32731.799491643906,120000,-16.12790833376845
5,32742.765701293945,119000,-21.133414901293214
1,32759.83665418625,119000,-21.057127121458944
6,32805.42441082001,137000,651.3153270579604
4,32872.80960893631,120000,-21.138442941032984
9,32902.71174621582,120000,-21.13259742379083
7,32927.08500909805,120000,-21.104244898303854
8,32927.22741532326,120000,-17.261173132155246
3,32939.1458735466,120000,-21.102380057578
2,32972.33251619339,120000,-19.34836241579165
5,33001.84707736969,120000,-21.37706693349415
0,33008.36784315109,121000,-16.34043599120153
6,33037.59188556671,138000,203.05173009941345
1,33056.26365375519,120000,-21.062203811124764
4,33151.626762628555,121000,-21.006484525715617
9,33176.902796030045,121000,-21.402895356767544
7,33195.08531475067,121000,-21.077035450265647
3,33199.120557546616,121000,-20.97495505954019
8,33203.195616960526,121000,-18.08200870839567
2,33251.20000600815,121000,-19.40299289785081
5,33268.75749230385,121000,-21.384537519083896
6,33278.030220746994,139000,181.32323808201468
0,33295.8023121357,122000,-16.337178575985366
1,33338.54394698143,121000,-21.121436033268015
4,33427.236256837845,122000,-21.043023618981188
9,33442.30797934532,122000,-21.630754180971877
3,33469.23807835579,122000,-20.99668708737025
7,33471.84904193878,122000,-21.057591644680024
8,33479.41973376274,122000,-18.37418211926677
2,33532.05882525444,122000,-19.14338862168621
5,33541.30932664871,122000,-21.990766981868486
6,33541.505890607834,140000,78.34493383340913
0,33567.72428369522,123000,-16.513748388117918
1,33623.531848192215,122000,-21.1921878431244
4,33707.4383661747,123000,-21.03547761981991
9,33726.326954603195,123000,-21.20841537235052
7,33746.89746236801,123000,-21.022520865206243
3,33747.39961361885,123000,-20.992023994342897
8,33751.51088500023,123000,-17.99675893016339
6,33789.33965468407,141000,201.02933518421602
2,33815.215577840805,123000,-18.888108437122998
5,33822.623103141785,123000,-21.985153296518693
0,33851.81440830231,124000,-16.105750517260475
1,33894.84052658081,123000,-21.210641258262612
4,33966.92404580116,124000,-21.03706339488132
9,34009.4776930809,124000,-21.2919019928607
7,34010.93217730522,124000,-21.000704008077374
3,34015.93134307861,124000,-21.053892979335323
8,34022.61086893082,124000,-17.406071384869023
6,34060.18315696716,142000,20.798024529811414
2,34094.10245990753,124000,-19.084822520774267
0,34099.054894685745,125000,386.20987161092074
5,34111.95541906357,124000,-21.777721424398436
1,34177.77746772766,124000,-21.250682985096418
4,34247.91920208931,125000,-20.95484010446604
7,34274.60763812065,125000,-20.982034476600408
9,34289.30252957344,125000,-21.1141427864457
8,34291.801859140396,125000,-17.86193056848478
3,34295.27251076698,125000,-21.0950137701476
6,34326.981189489365,143000,-12.581397245376822
0,34339.555091142654,126000,243.65654912312664
2,34364.760456085205,125000,-19.216319737369496
5,34379.580040454865,125000,-21.43226960687046
1,34451.19802188873,125000,-20.99172958237664
4,34515.09710884094,126000,-20.988296669479485
7,34552.65606164932,126000,-21.05535401424345
3,34566.22874903679,126000,-21.071489815080948
9,34569.90952348709,126000,-21.36253844787788
8,34572.24338555336,126000,-18.840555812966606
6,34596.11289191246,144000,0.40725020050151345
0,34607.00842833519,127000,13.88725105680388
2,34632.466500759125,126000,-19.298101899790552
5,34660.97362589836,126000,-21.628552029349002
1,34721.794082164764,126000,-21.102732492428636
4,34785.39270687103,127000,-21.018061417645054
7,34828.18510603905,127000,-20.991547664261315
9,34836.36148381233,127000,-21.304722885065353
8,34838.65440392494,127000,-18.908320990954767
3,34841.20448279381,127000,-20.99773664203854
0,34852.8852493763,128000,97.3767672614894
6,34865.01751899719,145000,-16.238302610494035
2,34913.224581480026,127000,-19.10683413533234
5,34932.907440423965,127000,-21.740630589644116
1,34990.54835987091,127000,-21.3535102669499
4,35047.52269554138,128000,-20.992795241705636
7,35099.063786029816,128000,-21.03084522661605
3,35106.22305250168,128000,-21.007731758755032
9,35115.04978299141,128000,-21.25525855487277
8,35122.20366692543,128000,-19.562883280593006
0,35125.94483470917,129000,77.64224643849857
6,35142.20108270645,146000,-8.196743196313006
5,35207.19470620155,128000,-21.521226913621973
2,35208.82923293114,128000,-19.178239403805627
1,35270.50683236122,128000,-21.155855558226367
4,35319.76002430916,129000,-20.96152484485052
7,35374.551533937454,129000,-21.005344904806467
3,35382.475016355515,129000,-21.110966240194035
9,35391.56141424179,129000,-21.27129414875596
8,35395.54405117035,129000,-18.47533941215789
0,35396.97286748886,130000,19.191871035565487
6,35408.46022987366,147000,-4.653100768180682
2,35491.711758852005,129000,-19.12036030167569
5,35495.69582939148,129000,-21.130843807675756
1,35547.016015052795,129000,-21.03158181152183
4,35590.35075235367,130000,-20.93759197613515
7,35633.998671770096,130000,-21.054536887355116
8,35658.85061573982,130000,-17.76971175848205
3,35660.57393026352,130000,-20.92025188937247
6,35666.037435770035,148000,32.81039112575706
0,35666.92707157135,131000,14.409564227707707
9,35671.59538316727,130000,-21.008756424608546
5,35772.27757310867,130000,-21.111991236975097
2,35784.701456069946,130000,-18.912852753950244
1,35829.542283535004,130000,-21.100223612390696
4,35854.37818145752,131000,-20.923854902986967
7,35916.4697535038,131000,-21.033161024392967
6,35921.41650748253,149000,264.87314982299824
8,35933.30703663826,131000,-17.651854263738038
3,35933.56424212456,131000,-21.045028179151803
0,35941.953055143356,132000,14.83480562666683
9,35950.45012950897,131000,-21.19118339363997
5,36063.69176697731,131000,-21.06013670771776
2,36065.05144953728,131000,-18.721542533227634
1,36101.07876443863,131000,-21.053017990472075
4,36125.12151622772,132000,-20.9681548174657
6,36188.22677540779,150000,-0.22442526965468992
3,36203.95294880867,132000,-20.93924358277063
7,36204.83116555214,132000,-21.05811860680944
8,36216.71300768852,132000,-16.88915577368831
0,36224.66573047638,133000,-15.897413537017867
9,36229.12562465668,132000,-21.088302810868118
2,36345.480528116226,132000,-19.029328022816582
5,36352.34680271149,132000,-21.03639440697754
1,36370.71468091011,132000,-21.01704920478006
4,36379.9782269001,133000,-20.975458804438873
3,36467.61292338371,133000,-20.97873814616444
7,36467.90351700783,133000,-21.076544905065212
6,36468.80613017082,151000,3.213311154502961
0,36489.224105358124,134000,3.579164587078617
8,36493.08369755745,133000,-16.781061375646203
9,36518.186029434204,133000,-21.144627908607006
2,36620.142936468124,133000,-18.455791241296396
5,36632.75284743309,133000,-21.119977523383085
1,36650.49287438393,133000,-21.108257371032618
4,36658.49831867218,134000,-21.04021079135255
7,36744.566245794296,134000,-21.11643183597393
6,36747.27072143555,152000,-8.718192056109338
3,36751.79615068436,134000,-21.018201186352538
0,36780.016542196274,135000,-15.756483463502727
8,36788.89958024025,134000,-17.799144676496606
9,36801.04365825653,134000,-21.15091608741686
2,36896.38961839676,134000,-18.61254731685016
5,36907.440749406815,134000,-21.056849797222604
1,36923.040647268295,134000,-21.096080672785234
4,36945.24918460846,135000,-21.00291608061601
7,37020.56676864624,135000,-21.020372787792176
3,37030.594108104706,135000,-20.97419215085272
6,37039.02963900566,153000,-16.068166244806033
8,37057.896542310715,135000,-17.624723732038515
0,37058.05170059204,136000,-3.0070269495142337
9,37076.67884516716,135000,-21.225150941744296
1,37188.53100562096,135000,-21.059356380807994
2,37192.110368967056,135000,-18.441614215104426
5,37192.47617697716,135000,-21.038860350747726
4,37229.69012784958,136000,-20.981908234551383
7,37288.39328742027,136000,-21.18343884860846
3,37300.51340985298,136000,-20.99419192859071
6,37312.84968876839,154000,-16.20066147568661
8,37327.22093605995,136000,-16.825279418679887
0,37334.77171301842,137000,-11.322292693635193
9,37360.03568172455,136000,-21.13508757293084
2,37457.335218667984,136000,-18.368841405037294
5,37460.588325977325,136000,-21.018306024408204
1,37464.75284695625,136000,-21.048071899770722
4,37507.03582954407,137000,-20.993011076880844
7,37554.74893450737,137000,-21.25112302116599
3,37571.50903701782,137000,-21.10265052923109
6,37576.55264425278,155000,-16.231249795683784
8,37601.09313058853,137000,-16.895558520626352
9,37624.866772413254,137000,-21.196231822224455
0,37625.07546234131,138000,-16.12911544339739
2,37725.32561683655,137000,-18.043543310362946
5,37726.063616514206,137000,-21.02205909440916
1,37739.93077516556,137000,-21.074597764234017
4,37775.529357910156,138000,-20.95809050200249
7,37836.45415902138,138000,-21.20907338180622
3,37850.73668599129,138000,-20.952846580290565
6,37859.21084237099,156000,-16.327716710101996
8,37869.93376946449,138000,-17.82815895647269
9,37884.18858790398,138000,-21.084875796392147
0,37908.88415145874,139000,-16.093397879638143
5,37998.923040390015,138000,-21.044349237607033
2,38007.19059610367,138000,-18.107016370191204
1,38018.20416760445,138000,-21.03560056311718
4,38048.678738832474,139000,-20.961042285942113
7,38105.21856069565,139000,-21.217529028010212
3,38143.31423950195,139000,-20.9721446597865
6,38146.41871023178,157000,-16.443754765564414
8,38150.4156537056,139000,-18.008480109113368
9,38166.853051662445,139000,-21.097429640233663
0,38209.12246417999,140000,-16.18237863926237
5,38278.19673895836,139000,-21.054167825542212
2,38298.59748125076,139000,-18.39600036871277
1,38305.30478453636,139000,-21.032729926136405
4,38316.725794792175,140000,-20.928488041402645
7,38380.58789372444,140000,-21.180987824639164
3,38417.38651442528,140000,-21.05080943524375
6,38418.67261838913,158000,-16.506522705900064
9,38431.86419630051,140000,-21.09359961104757
8,38442.28023195267,140000,-16.877666880534218
0,38479.05542898178,141000,-16.150791178115913
5,38570.073451042175,140000,-21.06252515091506
2,38582.96593928337,140000,-18.332136953693826
1,38601.06774497032,140000,-21.101652307249548
4,38601.30462694168,141000,-20.994098159144883
7,38662.46255803108,141000,-21.03352610601919
9,38697.06486606598,141000,-21.19588950049695
6,38699.357509851456,159000,-16.532372871479932
3,38703.2983379364,141000,-21.063684559974295
8,38723.83266162872,141000,-16.726624895508582
0,38744.34981608391,142000,-16.238862351334532
5,38841.16001391411,141000,-20.96425950799313
4,38859.524544000626,142000,-21.01019522860958
2,38867.79422068596,141000,-18.811659023174613
1,38885.14620566368,141000,-20.972975481470048
7,38943.80000567436,142000,-21.12358149071567
6,38961.769137859344,160000,-16.358197913269272
9,38977.71373581886,142000,-21.06263323274399
3,38980.31604719162,142000,-20.9632909919668
8,39005.88165616989,142000,-18.365022550679363
0,39008.09761738777,143000,-16.197512683484163
5,39124.71463251114,142000,-21.01396076883097
4,39125.47549581528,143000,-20.89444957870475
2,39141.00611591339,142000,-18.706970969458038
1,39162.57742500305,142000,-21.07677210560616
7,39220.086371421814,143000,-21.12022536565991
6,39225.931936740875,161000,-16.505208320146327
3,39258.55178141594,143000,-20.984682295052107
9,39260.93331885338,143000,-21.25214160765886
8,39293.03569626808,143000,-16.681901985525585
0,39297.66783261299,144000,-16.303683427217035
5,39381.88942217827,143000,-21.027899057056594
4,39407.43677711487,144000,-20.89590974734889
2,39443.65462875366,143000,-18.553785804956604
1,39450.107697725296,143000,-21.058236533868236
7,39498.483016490936,144000,-21.16867877946301
6,39506.74255633354,162000,-16.579511798069305
3,39519.767629146576,144000,-21.06324385046617
9,39539.550959825516,144000,-21.1004935225913
8,39573.74547171593,144000,-16.767753277585815
0,39579.898205280304,145000,-16.257131626983075
5,39669.6843085289,144000,-21.062764540470138
4,39698.35330748558,145000,-20.976575726457444
2,39716.29768538475,144000,-18.469478984446276
1,39733.306116104126,144000,-21.126224359217844
7,39780.40748858452,145000,-21.199438047310046
6,39781.88142156601,163000,-16.504366195226865
3,39796.096603155136,145000,-20.97225835455254
9,39817.23819231987,145000,-21.17079397058807
0,39856.613154649734,146000,-16.355815638334345
8,39862.89488148689,145000,-16.115931378101788
5,39947.67693090439,145000,-21.04345323288918
4,39964.71230340004,146000,-20.936290303312244
2,39999.36644864082,145000,-18.479024244081973
1,40009.03814649582,145000,-21.12211612131949
6,40046.80045938492,164000,-16.57193842257576
7,40054.480835199356,146000,-21.128749320547485
3,40070.50536131859,146000,-21.058671671811908
9,40105.586507081985,146000,-21.1459781670298
8,40136.857019901276,146000,-15.873620387350037
0,40146.24072790146,147000,-16.355621901591544
5,40222.0081744194,146000,-21.01433365400838
4,40241.099120378494,147000,-20.949866033707103
2,40275.779138088226,146000,-18.577056182261856
1,40277.887078523636,146000,-21.015181995954826
6,40321.45273685455,165000,-16.954310263674714
7,40335.94951581955,147000,-21.23565219538624
3,40350.90459752083,147000,-21.056873725488956
9,40383.962223529816,147000,-21.131352567450225
8,40403.675260305405,147000,-15.677642212682228
0,40428.91274857521,148000,-16.189722834272523
5,40495.56885933876,147000,-21.055000027865603
4,40518.63828611374,148000,-20.812154378006877
2,40558.80430674553,147000,-18.682439655682344
1,40562.86248469353,147000,-21.11973580283761
6,40591.977098464966,166000,-16.875900648158932
7,40617.92127919197,148000,-21.224761809075304
3,40630.451117515564,148000,-21.005021220226936
9,40660.033911943436,148000,-21.126092996028
8,40687.060740709305,148000,-15.70241961241916
0,40717.074073791504,149000,5.575046435080603
5,40777.96360254288,148000,-21.07209210087665
4,40800.68644785881,149000,-20.957252796878368
2,40829.59262037277,148000,-18.607213004574714
1,40853.171954631805,148000,-21.110485018562
6,40871.10347414017,167000,-17.048094994421366
7,40910.64759349823,149000,-21.268953192240744
3,40915.62085914612,149000,-20.98100433941149
0,40928.17192983627,150000,801.5571419030755
9,40929.01222372055,149000,-21.00838244852689
8,40973.49549818039,149000,-15.717513192153335
5,41064.76602077484,149000,-21.053952686853545
4,41086.14853858948,150000,-20.990345953649012
2,41114.09644007683,149000,-18.348170343741955
0,41124.66337943077,151000,433.4310439067411
1,41125.58352661133,149000,-21.05595094836222
6,41148.237461566925,168000,-17.352733754938477
7,41189.560697078705,150000,-21.693500226915813
9,41208.29637289047,150000,-21.06766220429007
3,41208.98524284363,150000,-21.011475621871032
8,41250.35901093483,150000,-15.650962130670258
5,41341.03504347801,150000,-21.074170571259405
4,41358.21154665947,151000,-20.924794887246488
0,41368.1239900589,152000,68.92648872642708
2,41390.332903146744,150000,-18.561090010072938
1,41399.887025117874,150000,-21.038258050527425
6,41427.062190532684,169000,-17.432611102848238
7,41457.349075078964,151000,-21.413922015462468
3,41485.056643009186,151000,-20.979548113434518
9,41493.10190939903,151000,-21.061226664568654
8,41530.29142284393,151000,-15.779028901102874
0,41589.02514910698,153000,826.1083437511297
5,41614.43469595909,151000,-21.104254250358427
4,41644.49744296074,152000,-20.978079366203325
2,41673.990439891815,151000,-18.250614762284687
1,41693.658032655716,151000,-21.123676639312592
6,41708.52789211273,170000,-17.59936622551718
7,41739.66169047356,152000,-21.189356369966955
3,41757.0106818676,152000,-21.016351286872883
9,41784.65208911896,152000,-21.072365303661346
8,41799.895497083664,152000,-15.682238077912917
0,41840.84902358055,154000,-8.84788300365443
5,41900.314893484116,152000,-21.301892667486815
4,41930.0012011528,153000,-20.894767542176545
2,41969.13560342789,152000,-18.07737922803161
1,41983.518468141556,152000,-21.124408674107155
6,41987.52828979492,171000,-17.501866968260032
7,42025.583105802536,153000,-21.11262364839773
3,42038.634100437164,153000,-20.950824007558687
8,42068.49149656296,153000,-15.833279627767677
9,42076.66668200493,153000,-21.08351128385328
0,42134.38084316254,155000,-4.064110736750387
5,42188.48592686653,153000,-21.009373834707198
4,42221.36279129982,154000,-20.99040332692886
1,42252.17757534981,153000,-21.13880697628568
2,42252.18703699112,153000,-18.155099500302647
6,42267.72358393669,172000,-17.374187581580134
7,42302.569361925125,154000,-21.24056187660636
3,42311.722653865814,154000,-21.03624932333085
8,42349.13384747505,154000,-15.745488930611735
9,42358.035497665405,154000,-21.080628068679044
0,42381.67606639862,156000,212.74749973438912
5,42472.309277296066,154000,-21.100884165301313
4,42499.7951130867,155000,-20.961550031511603
6,42535.67274785042,173000,-17.62602978544597
2,42537.82715678215,154000,-18.127551600321063
1,42539.31035923958,154000,-21.141648288174725
0,42549.786190509796,157000,793.7068972575622
3,42581.788767814636,155000,-20.996175762344322
7,42583.28980779648,155000,-21.132505910364806
9,42637.75194334984,155000,-21.122703983360722
8,42640.6445915699,155000,-15.56925163844865
0,42717.78729200363,158000,807.749338819358
5,42741.502123355865,155000,-21.00846113978654
4,42779.79585933685,156000,-20.88927502417432
6,42808.6414399147,174000,-17.75302396831808
1,42814.843880176544,155000,-21.05302581028954
2,42818.90673303604,155000,-18.051004691467405
3,42849.389583826065,156000,-21.076855559415392
7,42856.089411735535,156000,-21.115797741551482
0,42878.701717853546,159000,824.8213133258587
9,42911.65661025047,156000,-21.11172384577146
8,42912.49389576912,156000,-15.521141598756902
5,43019.85163331032,156000,-21.01831350493792
0,43045.2627081871,160000,563.6161670435223
4,43048.478407382965,157000,-20.94100184626425
2,43083.32113075256,156000,-17.887180578375297
6,43083.48409700394,175000,-17.923928027383948
1,43086.573226213455,156000,-20.997039531665397
3,43121.219195604324,157000,-21.012380107507628
7,43121.82340312004,157000,-21.259532813119108
8,43176.38703417778,157000,-16.945802520684403
9,43185.57735204697,157000,-21.17318510488899
0,43241.09540438652,161000,250.27911253238116
5,43294.40239095688,157000,-21.680314194583353
4,43324.384051561356,158000,-20.943512961190223
2,43355.60035967827,157000,-17.72768955553858
6,43358.1820204258,176000,-17.8769808545117
1,43363.63428068161,157000,-21.19695728811004
7,43396.87585687637,158000,-21.01441128104753
3,43401.84760046005,158000,-20.98946267286992
8,43466.448648929596,158000,-16.789185447029993
9,43468.71633267403,158000,-21.078682112364817
0,43493.31374287605,162000,164.1401765241312
5,43562.52867603302,158000,-21.05871536177233
4,43602.527326107025,159000,-20.99360999836479
1,43636.41162252426,158000,-21.021024455638685
2,43638.35454583168,158000,-17.93274468333389
6,43642.08551073074,177000,-17.84542989306628
7,43676.77296900749,159000,-21.04476112699582
3,43683.312238931656,159000,-21.02896532212127
8,43723.78764772415,159000,-17.0629166858577
9,43742.43835544586,159000,-21.054664585450404
0,43760.872272491455,163000,184.68475186146483
5,43842.328236579895,159000,-21.031542988191717
4,43878.5335726738,160000,-20.885139988282923
1,43907.623675346375,159000,-21.12851960196123
2,43911.19936680794,159000,-18.043694713351584
6,43915.34356760979,178000,-17.82283679420301
7,43957.4650747776,160000,-21.023119105944502
3,43957.848588466644,160000,-21.022225686355938
8,43995.309871673584,160000,-17.07745836782768
9,44002.47528505325,160000,-21.1032278900289
0,44040.300604104996,164000,80.01898838458057
5,44115.70247888565,160000,-21.062807225185175
4,44162.71753740311,161000,-20.903390640101712
1,44191.043160915375,160000,-21.08512872953625
6,44196.1917681694,179000,-17.547715665503272
2,44197.747217178345,160000,-17.83753467179197
3,44237.69291591644,161000,-21.05370161316084
7,44241.511152267456,161000,-21.03261620515101
9,44270.365926504135,161000,-21.13275061174407
8,44270.989243507385,161000,-17.021878085167263
0,44300.9409828186,165000,1.876515977518875
5,44400.446451187134,161000,-21.054826881124686
4,44443.2402279377,162000,-20.84048567628527
2,44471.09462118149,161000,-17.5423193626742
1,44475.96964073181,161000,-21.272699922064024
6,44485.53444862366,180000,-17.599112056416807
3,44517.21570658684,162000,-20.980813248702606
7,44524.79790401459,162000,-21.075289477458213
8,44547.58734512329,162000,-17.32246307690398
9,44561.1635222435,162000,-21.011750805004226
0,44578.42127585411,166000,12.419067165693686
5,44680.10060787201,162000,-21.111708716649314
4,44717.220066308975,163000,-20.912318368885188
2,44740.80563926697,162000,-17.50789412494609
1,44756.49096083641,162000,-21.141812642952537
6,44758.10115456581,181000,-17.177762663401985
3,44802.164184331894,163000,-20.969294681123248
7,44807.77064061165,163000,-21.037457910898308
8,44834.65358328819,163000,-16.91041123286622
9,44849.53990674019,163000,-21.026900583081133
0,44858.05305957794,167000,-11.924653439285645
5,44950.556183576584,163000,-21.04893391831219
4,45006.244661808014,164000,-20.97062446166261
2,45023.03546190262,163000,-17.58498646886108
1,45035.5311396122,163000,-28.23253553651155
6,45035.673817157745,182000,-17.278525334236182
3,45077.47430896759,164000,-21.077622003024885
7,45079.53359889984,164000,-21.004898461199208
8,45110.820981025696,164000,-16.687282997590525
9,45125.537727832794,164000,-21.206623884972075
0,45145.44307398796,168000,27.412741044551268
5,45218.804243803024,164000,-20.975821086731315
4,45269.064321517944,165000,-20.862888693196577
2,45298.45000243187,164000,-17.72600372312048
6,45312.21561384201,183000,-17.022953143197604
1,45313.97530078888,164000,-20.985220094937166
3,45352.22786808014,165000,-20.99773423493147
7,45369.63150525093,165000,-21.038514314890396
8,45378.53744864464,165000,-16.07594899530239
9,45406.904750585556,165000,-21.11221064915771
0,45426.61487197876,169000,162.82705433006558
5,45496.164321899414,165000,-21.06676733460103
4,45535.402436733246,166000,-17.36110465639191
2,45566.45971822739,165000,-17.594508399638354
1,45578.38435077667,165000,-21.060705875289106
6,45583.931594610214,184000,-17.31880624584787
7,45636.38116359711,166000,-20.97637918075168
3,45637.07451272011,166000,-21.042407242222502
8,45658.98834133148,166000,-16.14870368583887
9,45675.57518839836,166000,-21.10181838646527
0,45701.78077030182,170000,15.63284160811145
5,45768.67793607712,166000,-21.001597424403027
4,45821.18558549881,167000,-20.888746178875717
2,45840.43610787392,166000,-16.92535052652707
1,45855.83966207504,166000,-21.06055859297473
6,45861.19596004486,185000,-17.620583484375857
3,45903.138862133026,167000,-21.004910168664487
7,45907.170293331146,167000,-21.053593694635722
8,45934.73011159897,167000,-16.158030272269635
9,45953.255608558655,167000,-21.160674969048912
0,45975.63992643356,171000,-8.252470440336303
5,46049.890562057495,167000,-21.02600474084722
4,46093.44607305527,168000,-20.821758624633954
2,46115.6195166111,167000,-16.872456022654763
6,46141.666179180145,186000,-17.235848167249745
1,46144.26807451248,167000,-21.30845672888709
3,46174.565813302994,168000,-20.934715065670492
7,46195.36589217186,168000,-21.017208611358118
8,46211.167207717896,168000,-16.12165458544541
9,46234.78672146797,168000,-21.026888900022108
0,46253.34404587746,172000,31.34410183841565
5,46327.5116083622,168000,-21.08479726176462
4,46353.56503844261,169000,-20.803051655576947
2,46404.76663303375,168000,-16.86524091698477
6,46407.09719634056,187000,-17.390190950111183
1,46425.54263877869,168000,-21.144414256534404
3,46445.99344563484,169000,-21.069424538289873
7,46476.41382813454,169000,-20.977927284544617
8,46485.20014667511,169000,-16.289003475362225
9,46507.15049505234,169000,-21.066300887165777
0,46539.489250421524,173000,-8.71202166149741
5,46600.96882772446,169000,-21.053708991997528
4,46613.002892017365,170000,-20.917285607165205
6,46687.8663520813,188000,-17.3757555231934
2,46689.7668094635,169000,-17.078584271334375
1,46715.58021688461,169000,-21.05620957586944
3,46730.111746788025,170000,-21.054946264348462
7,46763.46500468254,170000,-21.026868476306063
8,46769.82830619812,170000,-16.099778768208907
9,46797.77097320557,170000,-21.164385287872218
0,46827.69221782684,174000,-16.033987995786298
5,46873.61571931839,170000,-21.019181165358194
4,46897.80009651184,171000,-22.999259982139794
6,46957.59251976013,189000,-17.372602017349465
2,46969.31876516342,170000,-17.167682122308864
1,46991.85100722313,170000,-21.1037639788962
3,47013.051877975464,171000,-21.045005892462882
7,47045.46119260788,171000,-21.049626285160457
8,47048.3787715435,171000,-15.90227525637428
9,47082.88022065163,171000,-21.1931673436642
0,47102.899211883545,175000,-8.842562967548034
5,47159.045847415924,171000,-21.061965744762812
4,47175.47475743294,172000,-22.94289493072656
6,47233.073273181915,190000,-17.24027432822583
2,47239.901915073395,171000,-17.041597500526986
1,47259.0532040596,171000,-21.113439788874526
3,47303.52807927132,172000,-21.016145923683407
8,47317.66642165184,172000,-15.773107339161607
7,47320.23347902298,172000,-20.964698045825152
9,47362.17268657684,172000,-21.179246549806297
0,47382.959372758865,176000,-15.96359589697722
5,47445.66946411133,172000,-20.951556979325503
4,47451.733849048615,173000,-23.385716368708408
6,47513.082114458084,191000,-16.812623517424097
2,47514.25582623482,172000,-17.88821761671521
1,47543.92052388191,172000,-27.58641113937663
3,47590.407430648804,173000,-21.021808092885262
8,47595.98501586914,173000,-15.680323283547082
7,47599.90271472931,173000,-21.00672090769046
9,47655.48971366882,173000,-21.098429392387217
0,47667.186049222946,177000,-12.38077817576986
4,47720.06770658493,174000,-23.08903099441076
5,47727.95548629761,173000,-20.998285371085768
2,47785.601588487625,173000,-16.97927005069384
6,47787.16315412521,192000,-16.953570115336262
1,47811.62294745445,173000,-27.32410737155616
7,47876.51878404617,174000,-20.994306209085572
3,47878.34744524956,174000,-21.043789154910456
8,47881.03618597984,174000,-15.81826983965816
0,47928.44266486168,178000,-16.12223966773469
9,47932.92753601074,174000,-21.142531187077488
4,47985.72978258133,175000,-23.446207984895455
5,48007.96948981285,174000,-21.056167406863086
2,48056.03285932541,174000,-17.33608048143011
6,48064.26734352112,193000,-17.04587105393979
1,48077.914105176926,174000,-24.09771245706248
3,48148.835909843445,175000,-21.02650723869441
7,48156.20126771927,175000,-21.004760887320362
8,48156.38938713074,175000,-16.281838265091874
0,48188.33977508545,179000,-11.930810338844564
9,48203.01095414162,175000,-21.199687857383864
4,48258.62845134735,176000,-22.808866677792206
5,48282.87025594711,175000,-21.092941146438278
2,48332.320855379105,175000,-17.681288883627495
1,48334.38652014732,175000,-26.690582526175817
6,48344.684755802155,194000,-17.058322978432816
3,48425.72907304764,176000,-21.0668875441916
7,48430.30839443207,176000,-21.013007154503047
8,48432.10888838768,176000,-15.974558380530734
0,48465.20975232124,180000,-16.07967823963651
9,48488.79879784584,176000,-21.183731482368856
4,48525.424963474274,177000,-23.664459741678385
5,48563.95129942894,176000,-21.003538029537786
1,48607.730533123016,176000,-21.044632304968776
2,48624.39947319031,176000,-17.848776987591428
6,48645.83521270752,195000,-17.10466699410175
7,48700.75282883644,177000,-21.008217587386852
8,48706.96304440498,177000,-16.284818529692792
3,48709.37581419945,177000,-21.066243158643452
0,48737.15927505493,181000,-16.09352435538547
9,48763.575286626816,177000,-21.15860430371351
4,48799.193778038025,178000,-23.378723190471728
5,48840.40708780289,177000,-21.01311681128948
1,48889.90771770477,177000,-21.059335976289802
2,48914.01679778099,177000,-17.546245721844276
6,48932.655312776566,196000,-17.373372293866115
7,48982.18016958237,178000,-21.00976614761907
8,48983.07937693596,178000,-16.1896857190531
3,48994.88879227638,178000,-21.04337842286652
0,49011.03093099594,182000,-16.095583594787247
9,49059.52737689018,178000,-20.94673796514353
4,49081.76468515396,179000,-22.994140901957675
5,49123.53257727623,178000,-20.99278182056241
1,49162.971670389175,178000,-21.076556809707753
2,49188.43326640129,178000,-17.341512977462234
6,49224.67517089844,197000,-17.282814903661567
7,49261.523735523224,179000,-20.96898047583734
8,49266.519916534424,179000,-16.083012668236382
3,49270.662514448166,179000,-21.045984737632743
0,49302.429114580154,183000,-15.816330254637643
9,49340.00104355812,179000,-21.022395571329863
4,49360.42456197739,180000,-23.279016477435253
5,49399.195560216904,179000,-20.977071878126203
1,49435.585500240326,179000,-21.074338589425498
2,49467.465688467026,179000,-17.29697313930785
6,49518.97720646858,198000,-16.96755729361402
7,49532.64993214607,180000,-20.97297890979881
8,49545.58353257179,180000,-16.345030574899695
3,49549.37935590744,180000,-21.10230685162696
0,49582.19814348221,184000,-15.994887448361203
9,49606.58570814133,180000,-21.178515753066225
4,49648.94658446312,181000,-23.832918142978336
5,49676.61000943184,180000,-20.987689945818147
1,49701.68902993202,180000,-21.021751110017206
2,49736.03693342209,180000,-17.301354925931467
6,49801.18425154686,199000,-16.91673403703969
8,49819.2128367424,181000,-16.300924381346263
7,49823.480973005295,181000,-20.946503882831497
3,49842.62723517418,181000,-21.051102623280837
0,49866.29019975662,185000,-16.186697875094605
9,49884.771938323975,181000,-21.043092332528023
4,49926.35835981369,182000,-23.90661745056494
5,49962.0193874836,181000,-20.977914781451414
1,49973.14362549782,181000,-20.995196283333808
2,50009.15493631363,181000,-17.259404580153383
8,50086.58832406998,182000,-17.30243876415448
7,50111.22012472153,182000,-21.159969677795246
3,50121.05219626427,182000,-21.00407682154736
0,50146.881566524506,186000,-12.20573251501049
9,50173.24523615837,182000,-21.06887650487221
4,50194.971412181854,183000,-23.36457564112435
5,50242.450098991394,182000,-21.05100817024496
1,50253.34259271622,182000,-21.12267062562952
2,50300.12329697609,182000,-17.4791869450997
8,50378.64786863327,183000,-16.53162135426033
7,50382.71349453926,183000,-21.011457965118694
3,50396.137514829636,183000,-21.04368892037274
0,50423.628858566284,187000,-16.535287060243185
9,50464.06858468056,183000,-21.132384571172157
4,50478.551349401474,184000,-23.195321168718984
5,50512.125876903534,183000,-21.034567965002495
1,50531.455931425095,183000,-20.9877868146066
2,50568.863968372345,183000,-17.5659713561238
8,50651.375709056854,184000,-16.43527248387698
7,50662.61855053902,184000,-21.125611134423007
3,50673.185391664505,184000,-21.032066170271822
0,50700.90458583832,188000,-16.526844309393812
9,50724.62763762474,184000,-21.093220537502088
4,50755.79519557953,185000,-23.52283114897986
5,50789.05240702629,184000,-21.017643546236123
1,50801.707228899,184000,-21.03952866612048
2,50849.470130205154,184000,-17.592874441791334
8,50922.655932188034,185000,-16.194623133942272
3,50931.34061837196,185000,-21.08789867261366
7,50934.35137939453,185000,-21.07323886799354
0,50978.40526366234,189000,-16.55191961141916
9,51001.28081822395,185000,-21.212606497230514
4,51036.502385139465,186000,-23.11367815127771
5,51067.515362262726,185000,-20.91635128266582
1,51079.017748355865,185000,-20.99321389499842
2,51119.501247644424,185000,-17.292493978071157
8,51193.65388917923,186000,-16.6498536970076
3,51204.00345635414,186000,-20.899245086196323
7,51214.70751738548,186000,-21.128249391601162
0,51260.935219049454,190000,-16.33519681350863
9,51277.76119565964,186000,-20.861172491021012
4,51304.72767877579,187000,-23.5183185365447
5,51343.93784379959,186000,-20.998891768192156
1,51348.22411561012,186000,-21.08243794814181
2,51398.71765255928,186000,-17.058540323042024
8,51472.63335943222,187000,-17.77014200907335
3,51477.84991145134,187000,-21.09599494268259
7,51481.05764293671,187000,-21.056972895256003
0,51514.856115818024,191000,-16.12701329393984
9,51551.86476397514,187000,-21.140850180317067
4,51582.065638780594,188000,-22.364367838217717
1,51621.01296710968,187000,-21.007141714774498
5,51621.32374930382,187000,-20.988853140774317
2,51665.54681921005,187000,-17.205488681940594
8,51748.98911142349,188000,-17.655709960495315
3,51752.44414615631,188000,-21.093986552738492
7,51758.0834980011,188000,-21.01156290067154
0,51788.49305319786,192000,-16.396550560739428
9,51826.57931351662,188000,-20.91512060325816
4,51840.981728076935,189000,-23.006246932698645
5,51884.014488220215,188000,-21.03040288310153
1,51896.5710401535,188000,-21.111217882515557
2,51946.42316842079,188000,-16.815213628355085
3,52022.32332968712,189000,-21.065732147035593
7,52031.839841365814,189000,-20.92229248604501
8,52038.36619567871,189000,-17.5377104724118
0,52062.12852358818,193000,-16.609770990271162
4,52107.049266815186,190000,-23.40835078304573
9,52110.259550094604,189000,-21.425291522006088
5,52151.16236114502,189000,-20.90550463714118
1,52183.63888883591,189000,-20.98001175124088
2,52226.79032039642,189000,-16.90943783485267
7,52303.57696890831,190000,-21.046765491458345
3,52309.95618724823,190000,-21.0635313560453
8,52323.940729379654,190000,-17.88081610228269
0,52333.19503188133,194000,-16.26752273712103
9,52370.69885015488,190000,-20.832274791447958
4,52377.630976200104,191000,-23.055977181171173
5,52437.33139014244,190000,-20.97482365424451
1,52453.37580394745,190000,-21.059755594243896
2,52512.53801012039,190000,-16.956434260851278
7,52579.67244672775,191000,-21.196189609948856
3,52583.911843538284,191000,-20.89928188284807
8,52599.24471282959,191000,-18.204469435490527
0,52603.7305560112,195000,-16.60108352733059
9,52642.25441598892,191000,-20.78191501313742
4,52651.341881752014,192000,-23.166237320416556
1,52714.86780691147,191000,-21.063209763251507
5,52720.34855222702,191000,-20.98899514174255
2,52790.75467658043,191000,-16.590776003121388
7,52850.609991788864,192000,-21.196781621564178
3,52865.473952293396,192000,-21.061154941908825
8,52866.66868567467,192000,-18.162134002899744
0,52880.39074611664,196000,-16.40627880506397
9,52914.705921411514,192000,-20.968786671558927
4,52943.60732603073,193000,-22.89617757486599
5,52992.27181792259,192000,-20.968363224162186
1,52999.56581187248,192000,-20.981492357353513
2,53075.9007165432,192000,-16.813606828264334
7,53129.21519565582,193000,-21.1841052515968
3,53143.453026771545,193000,-20.9936071927666
8,53147.296786785126,193000,-18.263958793839283
0,53148.65907430649,197000,-16.557820557196745
9,53177.21353721619,193000,-20.87333300527759
4,53211.103066921234,194000,-22.52711385121108
1,53255.63105392456,193000,-21.005270396865352
5,53257.3892185688,193000,-21.001415582823896
2,53345.20059633255,193000,-16.892486445119626
8,53401.69438767433,194000,-17.869830026656636
7,53411.730424404144,194000,-21.14269939003498
3,53419.87407851219,194000,-21.004165340082196
0,53422.199919462204,198000,-17.19547027076764
9,53431.03542351723,194000,-20.780292927626032
4,53480.66062164307,195000,-22.33242394320898
5,53513.86353850365,194000,-20.9979662581763
1,53534.65462970734,194000,-21.07112214843931
2,53614.94355034828,194000,-16.896020376464218
8,53672.74469733238,195000,-17.566876210329564
3,53686.79836297035,195000,-21.035829971573303
7,53691.16814041138,195000,-20.981959559575344
0,53698.97265410423,199000,-17.350529027690687
9,53700.553899765015,195000,-20.88849964377724
4,53745.93960762024,196000,-23.002656865670204
5,53791.90995430946,195000,-20.982737207364238
1,53795.021481990814,195000,-21.081464399423044
2,53876.93464446068,195000,-16.417317178678083
8,53944.5378370285,196000,-17.080439195792316
3,53954.1018679142,196000,-21.0919798580594
7,53955.20233297348,196000,-21.027042961861447
9,53964.01035165787,196000,-20.91455245529266
4,54024.64367032051,197000,-22.791524090897518
1,54049.42515325546,196000,-21.069161937385587
5,54072.85227251053,196000,-21.03535665924504
2,54149.27933382988,196000,-16.50366319959944
3,54208.62038731575,197000,-21.0605275743
8,54213.536591768265,197000,-15.893812762136282
9,54229.4003944397,197000,-20.96395563405412
7,54244.46692299843,197000,-20.989324309936507
4,54285.75425362587,198000,-23.026582064513473
1,54326.479055166245,197000,-20.986898739274707
5,54336.74567079544,197000,-20.998037424356898
2,54419.46964383125,197000,-16.704264340987567
8,54470.22981214523,198000,-16.168675807289766
3,54479.093577861786,198000,-20.946984509669665
9,54485.53957772255,198000,-20.789445258825722
7,54514.76736783981,198000,-20.982630399632047
4,54554.505373716354,199000,-22.249011967761085
5,54602.15615105629,198000,-20.971330946259158
1,54603.52140188217,198000,-20.972660671158938
2,54676.61221027374,198000,-16.439456768330377
8,54736.861072301865,199000,-6.924524558587741
3,54758.002193927765,199000,-20.96647777644555
9,54758.68767333031,199000,-20.893770026383287
7,54777.67750167847,199000,-21.025231450762455
5,54859.96404957771,199000,-20.989696779830137
1,54878.79269695282,199000,-21.04946832891614
2,54956.97916722298,199000,-16.7196724901512
