Seed,Time,Episode,Reward
6,0.37207937240600586,0,-33.43724412512118
0,0.6527252197265625,0,-33.42804922943098
8,0.6469054222106934,0,-31.798833484136992
9,0.6607949733734131,0,-33.7575720645539
1,0.7313034534454346,0,-30.25792217920607
4,0.7512702941894531,0,-32.77092941754096
7,0.7583212852478027,0,-33.41120176246836
2,0.8371355533599854,0,-32.476110911967126
5,0.887049674987793,0,-21.62581241438011
3,1.0369112491607666,0,-21.10349018258488
6,1003.8570513725281,1000,-23.96480625113891
8,1009.9564135074615,1000,-28.59441485949937
0,1016.5054032802582,1000,-24.902464944043956
5,1023.9307250976562,1000,-27.153283783195217
1,1027.1174173355103,1000,-24.851538817084002
2,1027.5556497573853,1000,-32.73748987243352
3,1030.7084381580353,1000,-3.509130034136397
7,1031.5002212524414,1000,-28.194837368190502
4,1037.794802904129,1000,-16.84451298788722
9,1038.2826826572418,1000,-33.078293516476954
6,1993.5671966075897,2000,13.437693356240375
0,2025.9618043899536,2000,-12.268890798246128
3,2040.3923480510712,2000,16.094780461987238
1,2041.8604731559753,2000,0.5836033176785388
8,2042.6009974479675,2000,-8.163819228428322
5,2046.0342195034027,2000,-25.31614597658955
2,2051.158510684967,2000,-32.637988587057734
9,2059.219313621521,2000,-33.17747265445686
7,2059.6152749061584,2000,-27.31364905668508
4,2060.8879766464233,2000,0.939443391630347
6,2926.7841589450836,3000,97.47951159883574
3,2988.055939912796,3000,79.52695360889372
0,3017.1435091495514,3000,24.763085220239642
8,3022.9964361190796,3000,54.720831517747506
1,3036.2995190620422,3000,65.73463373942343
4,3045.9655318260193,3000,53.16192485919287
5,3070.9295947551727,3000,-23.194873064159
2,3071.242544412613,3000,-32.695916858334684
7,3076.556387901306,3000,-26.332316446398313
9,3089.690609931946,3000,-33.22025718894339
6,3842.41428565979,4000,146.9137966280829
3,3899.032701253891,4000,161.92732764318987
8,3941.181997537613,4000,121.81927831823903
4,3956.9951465129852,4000,144.96594722732948
0,3966.3821861743927,4000,86.11258220879729
1,3975.3655002117157,4000,129.29627647697487
5,4025.4952092170715,4000,-16.94346217029221
2,4033.1925563812256,4000,-32.7104060090307
7,4051.2948048114777,4000,-25.44868465523902
9,4101.219645023346,4000,-33.122528050325975
6,4759.571525335312,5000,204.21931441198754
3,4815.200841426849,5000,199.13521680629844
4,4836.201422214508,5000,223.3284778260456
8,4868.856036663055,5000,170.43124497832326
0,4903.49431848526,5000,137.3380765140235
1,4918.005779981613,5000,205.10622614998653
5,5020.213918924332,5000,-11.953114117039437
7,5061.467159986496,5000,-24.53676305477868
2,5065.8706386089325,5000,-32.62501499525901
9,5095.100472450256,5000,-31.438655824463524
6,5633.424540758133,6000,282.9265812101774
3,5712.394742965698,6000,234.3918546258862
4,5718.330742359161,6000,239.45930084101798
8,5770.127958059311,6000,222.32041136406573
0,5823.230319261551,6000,217.24301572653508
1,5825.925985813141,6000,256.80996413777495
5,6018.4178285598755,6000,-9.75655778656358
7,6068.129642724991,6000,-23.30603754346549
2,6070.4799888134,6000,-32.54691509025357
9,6137.534777879715,6000,-32.132505172797465
6,6489.139916419983,7000,332.777925666376
3,6583.792626857758,7000,273.068002647959
4,6586.4258370399475,7000,270.71277775485214
8,6630.407555580139,7000,273.4308022310526
0,6682.576833724976,7000,305.8352494177452
1,6682.946796655655,7000,292.70000660609634
5,7028.4777739048,7000,0.7116588607655531
7,7048.171110153198,7000,-23.481614981992
2,7066.867465019226,7000,-32.38620689033896
9,7149.037205219269,7000,-31.984177581633027
6,7320.330806970596,8000,380.63901990153295
3,7399.366256713867,8000,369.9205735692245
4,7479.173905849457,8000,305.4254314208887
8,7496.8458795547485,8000,287.8066866248387
1,7532.664713144302,8000,313.23332203033175
0,7567.232072353363,8000,335.81570877136204
5,8015.088011741638,8000,18.88632066685011
2,8067.175086736679,8000,-32.080386903454965
7,8093.265597105026,8000,-23.333732755132694
6,8098.746950864792,9000,442.45406636140837
9,8179.74119758606,8000,-31.503650149273003
3,8202.449576616287,9000,401.9684677038514
4,8317.686161756516,9000,337.8054334593095
8,8353.075092792511,9000,339.3532375109751
1,8367.210000276566,9000,374.5876943959911
0,8402.607446432114,9000,377.9876541390318
6,8890.860454797745,10000,441.0510115245954
5,9008.892977714539,9000,30.01827870588396
3,9010.306428670883,10000,431.89288079262894
2,9064.33627295494,9000,-32.00054482986965
7,9112.313042402267,9000,-22.671619535286165
4,9149.77118062973,10000,357.9325232184824
1,9164.44948387146,10000,404.0209575663869
8,9184.655438423157,10000,362.395253061394
9,9192.207725763321,9000,-26.893799947747052
0,9236.437561035156,10000,377.0979534542754
6,9666.420626878738,11000,470.4672389537467
3,9777.453151226044,11000,472.29046397858576
4,9950.605436563492,11000,399.2005309738333
1,9962.226756572723,11000,433.74657316490675
5,9976.150817632675,10000,54.77839299494696
8,10011.002621173859,11000,387.77741280414807
0,10039.984849214554,11000,412.48389019761396
2,10052.723370313644,10000,-31.507256784017468
7,10121.759277105331,10000,-22.82930785027236
9,10223.181312322617,10000,-21.21460216597123
6,10411.304075956345,12000,493.4286258998774
3,10566.042774915695,12000,469.01557144481603
4,10729.38221502304,12000,464.91983910554256
1,10760.180325984955,12000,458.03794814880547
0,10817.761710643768,12000,457.44831595418924
8,10826.987735748291,12000,398.9304554219555
5,10940.377885580063,11000,94.02299191235997
2,11047.875898361206,11000,-31.150018294105006
7,11140.488026857376,11000,-22.47584724333152
6,11181.453081846237,13000,487.96144063634733
9,11233.294669389725,11000,4.1533779648343625
3,11341.713864803314,13000,475.2672426967184
4,11518.501777887344,13000,468.75025663680043
1,11545.558990240097,13000,462.5498709844075
0,11590.866116523743,13000,484.15067112457996
8,11650.734120368958,13000,406.2392148498786
5,11865.581736803055,12000,144.34930872660493
6,11937.327356100082,14000,506.80989595616063
2,12063.224685430527,12000,-30.461762422545124
3,12109.130791425705,14000,471.9571665428951
7,12164.799880743027,12000,-22.155957516309737
9,12212.926404714584,12000,74.98254502420377
4,12259.078788280487,14000,494.0679195441294
0,12328.662254810333,14000,509.8980288277287
1,12329.1027572155,14000,444.5467132874493
8,12448.787464380264,14000,444.82186842865195
6,12670.799005031586,15000,515.8359313172723
5,12773.877535820007,13000,197.08942951089372
3,12878.515138864517,15000,493.9123557457652
4,13014.50398349762,15000,477.0062144642347
2,13063.613070726395,13000,-29.15484622134058
1,13094.714117765427,15000,463.4285656871116
0,13097.48195385933,15000,490.8339602783531
9,13164.613408327103,13000,153.00223000446147
7,13175.72517991066,13000,-22.205766445376963
8,13231.46262550354,15000,449.9174642703537
6,13431.41666316986,16000,507.77659551871426
3,13659.063289403915,16000,475.82309582651413
5,13687.360460996628,14000,195.34236410980134
4,13761.310738563538,16000,503.14647670019514
0,13818.120664358139,16000,519.9793390661999
1,13846.93406033516,16000,506.73913918460687
8,13997.52918601036,16000,491.330590726349
9,14068.27723813057,14000,212.71225198814602
2,14079.524513721466,14000,-28.11050525159041
6,14168.047638177872,17000,522.4065062749422
7,14172.952280521393,14000,-22.34701409938107
3,14425.077573537827,17000,498.8358403214946
4,14477.500173091888,17000,514.8042193501925
0,14530.858981370926,17000,545.0922575277674
5,14555.419018507004,15000,251.72672706486804
1,14598.348243713379,17000,500.20351267022386
8,14746.805391073227,17000,477.66724345721985
6,14853.019622087479,18000,545.5091252221066
9,14924.598522663116,15000,242.79081402509144
2,15044.593695402145,15000,-23.400556321166917
7,15161.96203994751,15000,-22.085318954711934
3,15184.729039430618,18000,491.03728396189484
4,15224.215544462204,18000,527.6673918680752
0,15255.922930717468,18000,556.6272684825467
1,15341.66094326973,18000,514.5039505866582
5,15435.579060316086,16000,279.9671664104922
8,15499.97183895111,18000,511.32181078020494
6,15594.864639759064,19000,553.3291585517172
9,15781.081779241562,16000,265.3555792234584
4,15953.678948879242,19000,547.6754778860735
3,15955.512885332108,19000,520.1162910303336
0,15995.12212896347,19000,542.8496625895101
2,16067.0228099823,16000,-16.82383719985685
1,16084.57673740387,19000,536.0375273470767
7,16173.390241861343,16000,-22.188514680699086
8,16240.86519575119,19000,532.277585546728
5,16300.898890256882,17000,298.4001408402725
6,16304.28906917572,20000,564.6210621386342
9,16617.343075990677,17000,316.22803647295507
3,16699.95079755783,20000,530.1568456050901
4,16705.748109579086,20000,539.4789519732553
0,16718.050757408142,20000,572.775094114922
1,16823.832787513733,20000,533.9388629293665
8,16987.678802251816,20000,538.5194954831621
6,17031.089433908463,21000,578.1782982583588
2,17079.07715344429,17000,3.9377700000765414
5,17136.98450565338,18000,343.41213446875514
7,17192.42517375946,17000,-21.986421949128392
3,17402.294515371323,21000,544.185952764729
4,17416.60582280159,21000,559.0858765080831
0,17418.39397740364,21000,561.4564126807521
9,17473.52499771118,18000,319.9928626733559
1,17547.436155557632,21000,541.014935013239
8,17684.007865428925,21000,565.7051469800388
6,17710.87576532364,22000,602.587692300149
5,17958.465442419052,19000,379.48757027268965
2,18055.854263067245,18000,28.377810185349723
0,18135.59238553047,22000,548.9032753579097
4,18148.30717110634,22000,551.4156521859801
3,18158.70929479599,22000,535.6874514799626
7,18193.779762983322,18000,-21.898653355908966
1,18285.166035413742,22000,563.1016500122225
9,18286.527299165726,19000,354.3887635209985
6,18401.231592655182,23000,603.4473381538862
8,18412.888905763626,22000,569.2874484096383
5,18740.045941114426,20000,436.18888824821965
4,18848.088639974594,23000,580.7192816704575
0,18856.2088906765,23000,529.8029317259313
3,18875.297107219696,23000,546.5821321285438
2,19004.835695505142,19000,81.26544887821052
1,19010.400666236877,23000,556.2717680673587
6,19099.770083904266,24000,622.3789411134766
9,19106.49725961685,20000,351.770551409437
8,19126.57445383072,23000,565.626731011549
7,19209.035613536835,19000,-21.86677866890131
5,19493.73960518837,21000,449.5091366328422
4,19553.62021780014,24000,565.2012216149409
0,19597.30092740059,24000,556.8043907446425
3,19615.65949988365,24000,548.252470639457
1,19711.267900705338,24000,577.7555421502567
6,19771.392416477203,25000,645.9706611603877
8,19845.68739771843,24000,567.4991912494976
9,19912.132979154587,21000,429.2047392364677
2,19916.815974473953,20000,150.6423196462431
7,20221.01837325096,20000,-21.63210837369094
4,20247.909161806107,25000,578.0587407917475
5,20249.26298904419,22000,492.78884570711955
0,20312.540782928467,25000,556.0257684283742
3,20325.295914649963,25000,560.1052808673476
1,20402.61517930031,25000,603.5521295626825
6,20428.826138734818,26000,643.4952661434327
8,20541.613941907883,25000,577.7493912647143
9,20658.30373764038,22000,464.041007061779
2,20851.09019088745,21000,177.50225976272472
4,20954.893465042114,26000,594.6074889285029
5,20991.542650938034,23000,496.65620557458385
0,21021.622811079025,26000,562.4782127135187
3,21044.262679576874,26000,573.1408183343262
6,21102.052934646606,27000,648.821646837784
1,21114.830841064453,26000,604.0742250342058
7,21233.426036834717,21000,-21.66223307544427
8,21275.420075654984,26000,560.2346208453399
9,21458.20436859131,23000,452.8832863169064
4,21649.47853589058,27000,592.8191350538402
5,21721.941110134125,24000,487.0341230319155
3,21736.98670578003,27000,587.8704283974278
0,21749.02867436409,27000,560.5136769852128
2,21752.323820590973,22000,213.19988209986036
6,21752.784754514694,28000,655.2930227193493
1,21801.813702106476,27000,604.5493285308239
8,21995.709864616394,27000,571.1577484308766
9,22237.08114337921,24000,476.92205923129393
7,22250.22066783905,22000,-21.5702640115838
4,22350.736968278885,28000,604.1643919309203
6,22434.799513339996,29000,643.5956234825132
3,22459.32273197174,28000,582.5341297213122
5,22461.588441610336,25000,484.15126008266196
0,22482.740122318268,28000,565.4277040209081
1,22506.069739580154,28000,590.911109438016
2,22659.44305753708,23000,230.8204437164179
8,22685.60098862648,28000,577.6784094237169
9,22993.424193143845,25000,482.33573967978725
4,23020.75314259529,29000,612.6579567976967
6,23070.97637271881,30000,658.7430622749247
0,23178.054498434067,29000,587.6933471201338
3,23181.77925682068,29000,568.7508921930537
5,23184.248046875,26000,513.9616063883807
1,23196.357474565506,29000,609.50886085721
7,23254.62296438217,23000,-21.65014833871773
8,23396.91814517975,29000,559.9323478290656
2,23540.430060386658,24000,228.95163581257992
4,23713.60653114319,30000,604.6900610674553
6,23749.96372771263,31000,652.178418083011
9,23760.036982774734,26000,480.6432051395308
1,23882.33238220215,30000,612.4093235726373
3,23896.917565107346,30000,582.9062823952877
0,23910.90324306488,30000,565.2078702017253
5,23947.471254348755,27000,532.3602202632275
8,24098.44901895523,30000,570.1978652585033
7,24246.85531425476,24000,-21.544094097728703
2,24409.699931383133,25000,283.1232947791514
6,24414.467546463013,32000,661.6006229138586
4,24414.473262548447,31000,599.2422983552902
9,24521.54380583763,27000,506.47679266310496
1,24563.99362230301,31000,622.7804714488984
3,24583.31659388542,31000,586.9653716113971
0,24619.783520936966,31000,599.1768745561811
5,24675.91254425049,28000,543.4756233640012
8,24809.86253428459,31000,579.1392711030812
6,25045.149772405624,33000,657.0483960263612
4,25105.00130057335,32000,631.7316123483647
1,25231.40358686447,32000,626.6762826314002
2,25258.82610821724,26000,311.87786147249477
9,25263.101403474808,28000,514.715552659376
7,25272.72531247139,25000,-21.502072901891406
3,25272.99127817154,32000,603.2382974683931
0,25326.520914793015,32000,603.0958812029451
5,25390.736478090286,29000,538.4403989943555
8,25499.38981485367,32000,570.7648255735523
6,25693.47348999977,34000,664.7227666879825
4,25777.810866832733,33000,614.6009752665558
1,25915.02681016922,33000,655.157291466303
3,25971.714096307755,33000,591.8289538201974
9,26004.708495140076,29000,495.25828122558465
0,26012.105779647827,33000,609.321497080055
2,26083.736670017242,27000,346.2327512839116
5,26095.89274907112,30000,539.671460199209
8,26187.103120803833,33000,597.3562393916399
7,26289.884180545807,26000,-21.4419218080112
6,26326.085887908936,35000,674.8713484568589
4,26446.751238822937,34000,606.4711502022604
1,26542.600746393204,34000,662.1491713970418
3,26680.420783042908,34000,586.8603890510439
0,26708.86149764061,34000,622.5371348228701
9,26731.240077733994,30000,531.9359185577503
5,26836.864967107773,31000,557.2201613873149
8,26881.412998199463,34000,576.6602395935637
2,26925.61589217186,28000,373.0551884072946
6,26991.7895526886,36000,682.0416408847457
4,27161.915865421295,35000,599.8387573139413
1,27191.142031669617,35000,670.9951024547988
7,27287.6648979187,27000,-21.423858830803148
3,27393.117168664932,35000,584.4605479958556
0,27396.356825590134,35000,601.5388932984099
9,27481.9749648571,31000,528.3887896554746
5,27537.76836872101,32000,581.0067763414685
8,27595.84978556633,35000,581.6012922770454
6,27633.259894371033,37000,687.4596044301296
2,27716.404932260513,29000,410.4481037980216
1,27839.447531700134,36000,676.5478038057784
4,27848.825417280197,36000,606.0459809252523
0,28101.631103515625,36000,623.5601597239728
3,28115.50825357437,36000,596.0222399432798
9,28198.704037189484,32000,524.0887096398798
5,28238.938779830933,33000,594.5249981332619
6,28250.3612947464,38000,706.341181319394
8,28282.220824480057,36000,589.5347315950117
7,28295.63535952568,28000,-21.409219453912918
2,28472.844208717346,30000,426.8136034039326
1,28509.282526016235,37000,663.1271797277503
4,28538.630020856857,37000,599.7380905368724
0,28781.10109615326,37000,637.1425945032726
3,28787.306824207306,37000,618.1539800905043
6,28887.65323448181,39000,681.9916031705882
5,28930.328368902206,34000,639.2072979589371
9,28933.858088493347,33000,527.6943995299376
8,28964.79417681694,37000,609.1746104776048
1,29171.657643079758,38000,672.6015106032671
4,29220.037567853928,38000,629.9703244392456
2,29251.094594955444,31000,443.4475978086072
7,29307.833378314972,29000,-21.43172724442668
0,29467.87689256668,38000,635.8535818237699
3,29474.69285917282,38000,611.413308242761
6,29545.778871536255,40000,696.955556408245
5,29611.45420241356,35000,626.6204607056744
9,29667.91246986389,34000,550.75070693629
8,29699.148971557617,38000,592.3628442303768
1,29836.201000213623,39000,657.0412249271961
4,29890.195269823074,39000,626.8100253034653
2,30011.491035223007,32000,464.71526151013285
0,30128.53218770027,39000,653.1336690265996
3,30160.867346286774,39000,611.9362875751422
6,30164.508639097214,41000,688.902343013584
5,30295.332274198532,36000,625.5498243903554
7,30304.65848016739,30000,-21.387460821348135
8,30399.08056616783,39000,602.817603216982
9,30421.355446338654,35000,524.3729780940843
1,30527.128828525543,40000,657.6812578257959
4,30559.43255329132,40000,634.5475574085501
2,30769.31209897995,33000,492.9649365446982
0,30771.82035255432,40000,642.615221637734
6,30800.377912521362,42000,692.9035781601815
3,30849.525191783905,40000,621.3259695774244
5,30971.12717604637,37000,617.6537881760707
8,31104.277399539948,40000,583.6093230290764
9,31142.532615423203,36000,542.324598151643
1,31179.874850273132,41000,662.4472759532681
4,31227.023345708847,41000,637.977491801776
7,31304.128173351288,31000,-21.421848542660324
6,31420.172175884247,43000,702.8822808977359
0,31442.605095148087,41000,654.9701795471541
2,31499.9472284317,34000,518.6600841905012
3,31552.295636177063,41000,624.6794060803728
5,31637.599411010742,38000,642.7200290255726
8,31787.887397289276,41000,584.946293177934
1,31847.474026203156,42000,647.2897923758029
9,31859.051084041595,37000,540.9232711484607
4,31888.585389137268,42000,655.1843265095239
6,32044.57565522194,44000,694.590044229787
0,32122.790618658066,42000,643.3182716956816
2,32207.696293592453,35000,525.0858881228684
3,32230.36341714859,42000,616.4479284238481
7,32312.23182272911,32000,-21.375567442793564
5,32328.043705701828,39000,627.7811965303448
8,32488.83424973488,42000,613.5673637888091
1,32501.601723909378,43000,643.3619725964767
9,32558.409713983536,38000,556.5199713957403
4,32567.960066318512,43000,648.9834461095014
6,32664.68919467926,45000,701.6766802821223
0,32806.08785700798,43000,654.2776248920645
3,32926.45343399048,43000,621.7406263362027
2,32927.01207995415,36000,541.2898409319531
5,32996.792766571045,40000,638.2626375520089
1,33172.11073374748,44000,644.1569922854642
8,33172.54184770584,43000,608.6188296318461
4,33234.501796245575,44000,643.2173705856453
6,33296.392146110535,46000,704.1342610112259
9,33296.65014743805,39000,558.7095659965132
7,33308.02035188675,33000,-21.45932686323383
0,33473.66792297363,44000,634.8518046982213
3,33593.6893825531,44000,623.7377294600053
5,33634.240252017975,41000,631.1566283265824
2,33649.18192601204,37000,547.1499399871544
1,33842.8107252121,45000,632.7191479969567
8,33845.889837265015,44000,610.1060518492728
4,33894.1286315918,45000,639.5193793459282
6,33921.7964861393,47000,691.2387799018591
9,33999.388142347336,40000,562.4679507722349
0,34151.9571287632,45000,636.8904779042426
3,34269.890565395355,45000,633.3899387218696
5,34271.901331186295,42000,662.4929484216354
7,34332.72105693817,34000,-21.421986451349916
2,34356.969865083694,38000,561.6913063573472
1,34522.77780175209,46000,642.5851039739313
8,34540.45621037483,45000,612.3904761311044
4,34554.07127904892,46000,633.0873852552658
6,34576.12735128403,48000,693.6156506419818
9,34720.46496987343,41000,544.8921566525457
0,34811.71352767944,46000,633.0623127341091
5,34932.8814907074,43000,664.3190622229768
3,34942.64549946785,46000,630.7009306222092
2,35061.06635284424,39000,577.6628197595137
1,35216.36651325226,47000,628.565482287295
8,35220.33371090889,46000,600.0051717438605
6,35229.27322745323,49000,692.0556058119436
4,35232.302305459976,47000,638.8506222824933
7,35322.18744492531,35000,-21.40178069249263
9,35472.18472576141,42000,563.6338163948934
0,35490.72201657295,47000,635.1997555404027
5,35581.773272037506,44000,670.3505673216404
3,35625.830815553665,47000,645.6583375290036
2,35744.132383823395,40000,584.7139472147971
6,35850.107875585556,50000,706.2913245035231
4,35888.078536987305,48000,659.9765810587138
1,35889.63388490677,48000,642.6359409340203
8,35905.06119585037,47000,599.2570557879319
0,36160.00269627571,48000,623.3588608777634
9,36181.46099066734,43000,551.0468187854116
5,36231.185101509094,45000,673.4227600783765
3,36301.593650341034,48000,641.9523307194006
7,36347.78657126427,36000,-21.383431625320597
2,36431.98882508278,41000,582.9775318975361
6,36476.50638079643,51000,690.837299570406
4,36542.42528152466,49000,661.5803319820601
1,36546.68963265419,49000,656.2201636644899
8,36603.66426181793,48000,602.9260255497683
0,36808.940670251846,49000,624.8163140941275
5,36887.25233006477,46000,668.8608682130623
9,36906.08893799782,44000,528.3664320134538
3,36934.037227869034,49000,664.3095945774608
6,37121.379626750946,52000,702.6604714520943
2,37130.298780441284,42000,605.9132217717506
4,37207.46280884743,50000,643.7928340767915
1,37228.29508757591,50000,656.2302311638942
8,37291.38897585869,49000,609.7273918666326
7,37364.66088151932,37000,-21.32018658281524
0,37493.14225959778,50000,610.1407936966456
5,37544.1136071682,47000,676.624100053117
3,37610.493267297745,50000,671.9038779271001
9,37625.12029337883,45000,576.8415712668641
6,37735.89814996719,53000,708.0854673983526
2,37848.507650375366,43000,587.9477589232044
4,37869.975927591324,51000,666.7896439546836
1,37876.410433769226,51000,661.734923657613
8,37976.557346105576,50000,618.4175709350137
0,38189.63312506676,51000,614.7487233595936
5,38196.13794732094,48000,680.1623619497358
3,38264.68386268616,51000,672.428365763402
9,38353.01326370239,46000,567.968819221578
7,38362.75889992714,38000,-21.390727442048846
6,38376.55673098564,54000,687.4332498164566
1,38536.42331790924,52000,667.2722262919632
4,38539.950259923935,52000,658.7312619124826
2,38550.75098371506,44000,580.0067638627585
8,38672.58574485779,51000,628.0682174409225
5,38852.634861946106,49000,689.1304028952455
3,38888.65295648575,52000,685.0318162253416
0,38892.042316913605,52000,610.2107529537227
6,39028.294029951096,55000,693.9756847905634
9,39060.96751379967,47000,591.001389538347
4,39189.29979586601,53000,667.2589571882289
1,39194.77081274986,53000,657.0602871135907
2,39266.492681741714,45000,598.3501921569674
8,39365.15819692612,52000,616.916473159445
7,39394.80747437477,39000,-21.469049657116614
5,39508.61585378647,50000,674.3555075000771
3,39550.00346469879,53000,682.7153275082404
0,39601.235849142075,53000,604.4290545152484
6,39652.80281877518,56000,697.3278048149211
9,39793.16212248802,48000,580.7992939712449
4,39853.51132893562,54000,675.1283654767266
1,39872.399612903595,54000,649.3802473871289
2,39960.64879131317,46000,621.8703187753639
8,40047.329525232315,53000,644.4160300422357
5,40159.7396132946,51000,679.674446923889
3,40218.57233786583,54000,684.201076072707
6,40292.48368906975,57000,693.8055234930366
0,40308.552585840225,54000,613.7122306877562
7,40399.23815751076,40000,-21.399827848161316
9,40477.87884140015,49000,602.9027706448732
4,40514.1928563118,55000,659.0646756042521
1,40536.647738695145,55000,664.2221610158724
2,40651.43479061127,47000,628.5344884109788
8,40732.91427707672,54000,628.5436295128567
5,40805.227640390396,52000,691.623106336429
3,40876.72825694084,55000,679.8867182835777
6,40939.02938389778,58000,703.6744727164526
0,41036.0640437603,55000,607.9242383985932
4,41164.0203063488,56000,671.9437392666057
9,41187.23443841934,50000,585.557032229319
1,41190.043685913086,56000,663.2552697977783
2,41341.42652821541,48000,633.5694131829817
8,41421.83669471741,55000,640.909196964883
7,41427.600709199905,41000,-21.307507902988092
5,41461.19398903847,53000,680.2809681781391
3,41545.5361969471,56000,685.8111225167954
6,41593.49015378952,59000,693.3137547461241
0,41742.13816523552,56000,624.6623538428703
4,41814.76442074776,57000,665.1510759519919
1,41859.54341292381,57000,652.3434205978065
9,41881.78418922424,51000,603.4586424178361
2,42023.38198471069,49000,620.296721357865
8,42074.21264386177,56000,645.5922884294172
5,42088.65413355827,54000,687.1830117671667
3,42167.663419008255,57000,691.3677949589912
6,42216.914526224136,60000,703.8868669917345
7,42418.15868186951,42000,-21.344572188556633
0,42418.39739513397,57000,620.4929351090212
4,42478.72093772888,58000,670.3939033789386
1,42512.29301714897,58000,667.4242007391842
9,42568.35857129097,52000,597.837303881348
2,42693.533683776855,50000,635.0393866645529
8,42734.4417014122,57000,660.5189637684914
5,42736.843495607376,55000,689.2857579123953
3,42801.37927174568,58000,684.9236279558406
6,42851.27804875374,61000,700.6216580041947
4,43142.63043284416,59000,681.7727658341079
0,43143.88262629509,58000,601.6196016144878
1,43177.019137859344,59000,662.2013751126375
9,43278.13789486885,53000,611.256381645663
2,43370.061128139496,51000,647.2431160874042
5,43375.38554215431,56000,694.3323255442866
8,43406.72668004036,58000,657.5347406873041
7,43439.3807413578,43000,-21.32762792909197
3,43469.416898965836,59000,691.178940032416
6,43502.96779537201,62000,703.9247038585154
1,43806.420597314835,60000,688.4604794958109
4,43812.31865119934,60000,670.1040595148559
0,43840.12023353577,59000,619.4067968338823
9,43999.33509325981,54000,597.203322957474
5,44018.984250068665,57000,686.3888484950478
2,44040.05980539322,52000,638.8577961727174
8,44077.30252313614,59000,658.882620488565
3,44115.73413681984,60000,697.7074067298678
6,44143.10698413849,63000,700.095251124065
4,44451.858993053436,61000,666.7137594822976
7,44456.636434555054,44000,-21.3427859391034
1,44458.24052190781,61000,672.8034263674946
0,44529.17057490349,60000,614.6931893439587
5,44659.53955078125,58000,684.0403998421548
9,44697.494267463684,55000,609.2903713684585
2,44707.79615545273,53000,633.8898624869445
8,44720.45844078064,60000,654.245789445264
3,44761.94822049141,61000,695.4468451066726
6,44764.72173690796,64000,705.4265269259809
4,45108.02438426018,62000,666.1260777822139
1,45112.66040301323,62000,677.9003259317642
0,45201.806404829025,61000,631.7457118225022
5,45307.1201543808,59000,691.523889602391
9,45370.02892303467,56000,626.9825169784184
6,45387.143832445145,65000,704.6592631682936
3,45389.34453034401,62000,698.9646844401216
2,45392.83586907387,54000,635.9762083727384
8,45393.44927239418,61000,655.0953002723642
7,45462.64889264107,45000,-21.311649025124293
1,45756.96678066254,63000,682.7049196713456
4,45766.74404120445,63000,665.2183575166043
0,45891.030836343765,62000,622.4320135257466
5,45964.24147891998,60000,675.1597082369964
6,46021.42840266228,66000,711.7089647184016
3,46027.51078438759,63000,698.5397716389313
8,46061.578365564346,62000,657.3773663330198
2,46071.38342165947,55000,634.8419917262751
9,46072.79716467857,57000,640.5539506512015
1,46419.709334373474,64000,676.9234800251431
4,46421.22020316124,64000,674.0355658400166
7,46489.01006126404,46000,-21.269723164823073
0,46567.69927740097,63000,643.1932449142449
5,46608.82998871803,61000,676.8051231653378
6,46649.24392366409,67000,709.0042721528868
3,46674.43585014343,64000,694.2158629701972
8,46701.47982239723,63000,664.381869264399
2,46738.77920413017,56000,629.1992545988633
9,46747.74177455902,58000,633.0214195607983
1,47070.580736875534,65000,673.1192579976004
4,47073.06473994255,65000,680.1151045693367
0,47227.35603761673,64000,642.4227491617137
5,47255.25149321556,62000,674.2696534680045
6,47291.41681623459,68000,705.8193689935773
3,47308.39623904228,65000,689.7495805990584
8,47346.090018987656,64000,653.8332318970929
9,47429.334829092026,59000,620.8045094085832
2,47444.70783829689,57000,621.6179191731933
7,47516.474563360214,47000,-21.26445423529236
1,47724.6207215786,66000,671.9906234431627
4,47727.75116562843,66000,677.2139127395828
0,47901.61461400986,65000,639.0583406304545
5,47916.775302410126,63000,692.8600238518119
6,47921.20531463623,69000,709.9219908814634
3,47955.759033203125,66000,696.3496494935674
8,48007.655470371246,65000,661.1391519741092
9,48127.576986312866,60000,629.4437368388371
2,48132.079870224,58000,639.6684393329353
4,48387.18620181084,67000,682.286150618302
1,48406.016464710236,67000,666.0399623422172
6,48527.54218530655,70000,709.7224104347715
7,48544.578449487686,48000,-21.307056810489787
5,48566.70993232727,64000,688.1114986553273
0,48590.79497385025,66000,649.2383899299757
3,48607.542172431946,67000,688.2843206971833
8,48687.027002334595,66000,654.772679261523
9,48796.42881345749,61000,634.5129446629104
2,48797.17349982262,59000,639.7214024155188
4,49038.99421787262,68000,667.7069125153465
1,49065.364285469055,68000,655.1816839319688
6,49161.18545937538,71000,715.889401681264
5,49218.593141794205,65000,687.4910795821039
3,49250.521632671356,68000,692.7675703294165
0,49262.95286941528,67000,643.5844839510241
8,49352.469584941864,67000,656.7501217907131
9,49467.997519016266,62000,647.295512364899
2,49476.53290438652,60000,645.7167441870085
7,49544.20033240318,49000,-21.26420591597528
4,49686.480068683624,69000,671.6028808082433
1,49704.508699417114,69000,667.1254016566663
6,49786.451953172684,72000,715.5847349847926
5,49858.58787560463,66000,684.2869211893184
3,49877.62267446518,69000,695.1882907779344
0,49934.97478723526,68000,654.135242369874
8,50007.56970310211,68000,665.4857261383958
9,50132.59684944153,63000,638.6227023220864
2,50149.352479696274,61000,636.9962346388712
4,50315.26680326462,70000,673.5863292182454
1,50356.72376227379,70000,661.257054873393
6,50392.95253753662,73000,720.224443463695
5,50486.12785553932,67000,683.8543219213232
3,50504.6333360672,70000,690.6949974523025
7,50532.69160103798,50000,-20.9636000352963
0,50594.297307014465,69000,663.2893477662404
8,50660.9756860733,69000,666.6871306012818
2,50792.67413640022,62000,664.8110837950563
9,50801.060733795166,64000,648.1736519219509
4,50961.61783242226,71000,678.6989251745484
1,51005.817145586014,71000,656.8613540959468
6,51018.67314696312,74000,708.2052207525073
5,51116.638672828674,68000,690.8353532232813
3,51170.49121069908,71000,677.8170112376489
0,51231.13078570366,70000,661.3130819558238
8,51325.21517443657,70000,671.1063607547641
2,51469.790316820145,63000,655.0829542849618
9,51481.751002788544,65000,646.4778338267608
7,51525.69345521927,51000,-21.318041940626333
4,51595.84276986122,72000,685.446416894091
6,51639.7134001255,75000,722.1573261997719
1,51646.60592722893,72000,662.5436709965851
5,51747.360666036606,69000,698.9999232159586
3,51817.72320699692,72000,689.796390654009
0,51890.79742527008,71000,660.7839713608789
8,51984.64231610298,71000,672.8768100236506
2,52126.392503261566,64000,669.4331352159131
9,52164.496881723404,66000,637.1687332632381
4,52256.692026138306,73000,669.4298406102861
6,52274.377249240875,76000,720.6454970516634
1,52305.94771528244,73000,664.5601172100833
5,52367.41645717621,70000,700.5539938436877
3,52473.100972652435,73000,680.9532126472809
7,52543.56918048859,52000,-21.264120366996075
0,52554.01607084274,72000,657.7999278954466
8,52632.304980516434,72000,658.6378820008223
2,52755.733416080475,65000,666.5026768136612
9,52795.20663332939,67000,664.1649031660188
4,52882.214074373245,74000,687.0291538918267
6,52887.047214984894,77000,731.154022936094
1,52929.711663007736,74000,670.8483597396173
5,52973.2174077034,71000,698.747889076418
3,53088.41977620125,74000,685.1683274638931
0,53195.748329401016,73000,657.4981587467347
8,53263.26057124138,73000,662.1014807735688
2,53360.74738025665,66000,673.8746262094372
9,53427.49881577492,68000,661.4386113148097
6,53473.887625455856,78000,722.6787809107025
7,53517.25323724747,53000,-21.25955634465192
4,53525.26427030563,75000,672.6138396211766
5,53565.17836546898,72000,712.7735030853095
1,53567.16356945038,75000,665.9916401678698
3,53729.17483115196,75000,677.4829766827969
0,53837.28655934334,74000,659.4197363524146
8,53897.45668840408,74000,657.8543647653272
2,53985.502000808716,67000,679.5795257832227
9,54036.48962235451,69000,675.7617381618747
6,54083.56790614128,79000,723.2817720869532
4,54138.10098743439,76000,670.5926123481999
5,54175.725224494934,73000,705.2999672043322
1,54176.478888750076,76000,669.5879872089793
3,54335.23632836342,76000,688.0095138675579
0,54441.89428091049,75000,669.3383311777117
7,54447.09831571579,54000,-21.297317846900402
8,54495.89918065071,75000,668.9649417246402
2,54580.056012392044,68000,663.613269216688
6,54622.94845914841,80000,726.5609084730543
9,54636.47316408157,70000,677.5258266453734
4,54691.45418357849,77000,671.0448256985469
5,54736.04392027855,74000,703.0604469662252
1,54774.05636072159,77000,680.2038137647812
3,54921.02293753624,77000,678.1865986706608
0,55010.70852804184,76000,655.032763571833
8,55067.721688985825,76000,669.5454903803129
2,55142.504522800446,69000,678.2242171380863
6,55182.16949439049,81000,720.329975236001
9,55204.63523101807,71000,671.8282766964419
4,55256.91516470909,78000,680.7545066116995
5,55270.51080083847,75000,703.5209359136566
7,55327.191239118576,55000,-21.28893453144567
1,55346.91477775574,78000,682.3469440242527
3,55487.91385936737,78000,683.3930360951109
0,55615.441752672195,77000,656.7679326193576
8,55634.45804190636,77000,668.962475395364
2,55715.89805698395,70000,675.7883427213224
6,55740.880801677704,82000,727.005219537968
9,55800.85894560814,72000,673.4073545588618
4,55833.306081056595,79000,677.0275681415367
5,55835.94896173477,76000,708.1800492711623
1,55908.35412478447,79000,680.7113554651661
3,56048.031799316406,79000,679.2032668013376
7,56190.13695836067,56000,-21.376187887115176
0,56204.031836509705,78000,660.2415926630487
8,56204.37097907066,78000,675.3336433058518
6,56287.95764088631,83000,728.1680375290827
2,56302.9340968132,71000,677.5305555871787
5,56378.62628555298,77000,718.7308355629131
9,56400.56374669075,73000,659.7086131881033
4,56402.295425891876,80000,672.1855424027393
1,56469.728434324265,80000,679.5203860540205
3,56626.664132118225,80000,673.3206441434787
8,56757.654464006424,79000,683.1632619092161
0,56789.76096892357,79000,661.2615236907873
6,56849.675526857376,84000,722.7976786720209
2,56857.35746049881,72000,673.781066082824
5,56932.072294950485,78000,716.7092858890795
9,56956.093187093735,74000,676.0279567128105
4,56971.73429226875,81000,694.0193437734929
1,57042.20025706291,81000,677.5063262365517
7,57090.32262778282,57000,-21.276340404592254
3,57214.833587646484,81000,673.259087943641
8,57339.49609231949,80000,670.7119285348747
0,57374.67449450493,80000,666.0336259928848
6,57415.02393579483,85000,731.1880447875649
2,57433.698026418686,73000,675.4931455511886
5,57494.400032281876,79000,715.3567398174142
9,57542.80726957321,75000,675.0412446941773
4,57554.41708135605,82000,691.5073284538366
1,57621.972593307495,82000,684.8253916655717
3,57799.40858912468,82000,674.0243381293684
8,57927.76649284363,81000,669.9879545480867
6,57954.81381678581,86000,727.1095554210168
0,57968.179434776306,81000,664.1656507210134
7,57989.5874979496,58000,-21.278521744502825
2,58011.35489010811,74000,674.1642273446125
5,58038.94063329697,80000,721.6224888397642
4,58118.17291975021,83000,697.7176867824571
9,58119.87661719322,76000,688.6961943786249
1,58185.249609947205,83000,679.1767592478118
3,58366.51000833511,83000,674.7777794045858
6,58507.357243299484,87000,726.3541224544597
8,58509.49819111824,82000,678.4136688461133
0,58546.167647361755,82000,670.9221226650324
2,58589.94480013847,75000,676.7613355079154
5,58599.844111680984,81000,731.3391920409407
4,58682.79487776756,84000,685.4870031408522
9,58710.301750421524,77000,664.6169068618568
1,58780.39154577255,84000,690.7038674140708
7,58898.982496500015,59000,-21.272693754331755
3,58946.63027262688,84000,673.8905685530617
6,59052.854566812515,88000,739.1716889212457
8,59083.92340326309,83000,679.1309391630889
0,59121.603083372116,83000,671.8366950815414
5,59146.66808056831,82000,727.2502618943305
2,59151.73123574257,76000,684.9752144402473
4,59258.807297706604,85000,689.6967181446408
9,59280.90340614319,78000,685.9411478910347
1,59356.52580189705,85000,689.6667041555755
3,59538.30051469803,85000,681.2712485729367
6,59607.591232061386,89000,730.0935473082277
8,59653.561712026596,84000,688.3602411679904
5,59694.16235661507,83000,736.8455044322269
2,59713.258133649826,77000,682.112768507159
0,59721.29544067383,84000,672.3434504321594
7,59795.15254354477,60000,-21.239299768980114
4,59834.364337682724,86000,691.4341803172199
9,59851.626278162,79000,667.7614316209747
1,59917.96772360802,86000,681.157220079455
3,60101.74237179756,86000,682.6787675552227
6,60145.69467163086,90000,735.595371394906
8,60214.170080661774,85000,684.884520973503
5,60231.089141368866,84000,731.3022064589619
2,60268.35399532318,78000,677.0659663930895
0,60302.43409657478,85000,678.0483985487294
4,60381.70224928856,87000,688.7862982601001
9,60439.28210234642,80000,680.9952490820295
1,60481.91162610054,87000,692.1088485601607
7,60670.52225422859,61000,-21.31491879087247
6,60679.54817724228,91000,722.6239215541898
3,60688.856060266495,87000,665.9711148120297
5,60777.94317340851,85000,725.8285678090125
8,60778.2709915638,86000,693.3086482123447
2,60847.9567656517,79000,681.2087377573388
0,60866.334607839584,86000,683.97112689825
4,60960.72263383865,88000,689.511652174015
9,61017.86065530777,81000,690.3285779257263
1,61067.09006166458,88000,686.969861517307
6,61226.02847695351,92000,732.0365536643038
3,61247.46664476395,88000,681.2069283035395
5,61322.511373758316,86000,725.0089472381129
8,61322.93710231781,87000,698.8391566306148
2,61410.856639146805,80000,698.980494365583
0,61435.32852053642,87000,682.3521715084809
4,61532.753890275955,89000,686.4176140168596
7,61578.46524834633,62000,-21.25227268526145
9,61594.00184464455,82000,675.4796169116545
1,61636.235954999924,89000,697.5226238281894
6,61782.900790691376,93000,733.5978441196662
3,61825.53640651703,89000,685.1977711941491
5,61861.38732838631,87000,723.4626176612654
8,61900.66926956177,88000,681.6282358653388
2,61984.851313114166,81000,695.0818126053219
0,62021.14672112465,88000,667.5241631023493
4,62090.757962465286,90000,696.0496029199034
9,62188.49456572533,83000,677.4044009391279
1,62220.75084877014,90000,689.8709395607384
6,62308.82914876938,94000,740.9526778981135
3,62402.63611006737,90000,680.0059349827919
5,62405.26749062538,88000,734.4580319192612
8,62447.67404127121,89000,702.42450503201
7,62452.869715213776,63000,-21.31091727772688
2,62553.78913664818,82000,672.9284372024206
0,62612.35266542435,89000,663.709558961995
4,62663.48580813408,91000,700.3582422117433
9,62767.2368824482,84000,676.4370342958975
1,62786.748791217804,91000,687.7733480702065
6,62855.30149912834,95000,722.165978056162
5,62949.845495700836,89000,731.5020019547709
3,62962.77797794342,91000,692.2110323933921
8,63028.34205341339,90000,692.7300759403142
2,63126.37261223793,83000,690.1140647030072
0,63188.93998122215,90000,661.7402250509532
4,63229.63055944443,92000,700.6453824871031
7,63316.926706790924,64000,-21.27858075504572
9,63341.31329250336,85000,681.2217779665493
1,63366.333652973175,92000,682.4873735791609
6,63416.21104621887,96000,735.9762610205406
5,63499.924446582794,90000,727.9640911024096
3,63542.217644929886,92000,682.3386691302499
8,63592.854558467865,91000,699.600865943392
2,63686.07940983772,84000,684.6705617052816
0,63761.95768284798,91000,667.5893040005795
4,63773.62386703491,93000,696.4006534078944
9,63902.88390207291,86000,680.0236604747051
1,63916.12451171875,93000,700.6993948560889
6,63956.14120769501,97000,736.920334061981
5,64038.550724983215,91000,733.2572485139035
3,64113.00052142143,93000,684.6593286558627
8,64151.32632088661,92000,695.058237168914
7,64192.10449504852,65000,-21.260778412705626
2,64247.04710674286,85000,682.8236323385155
4,64328.86064720154,94000,701.4512767334269
0,64359.84460234642,92000,666.6079402065568
9,64477.71945953369,87000,697.548203909644
6,64483.26046061516,98000,735.6701287801766
1,64497.16118597984,94000,679.893814837783
5,64593.85553121567,92000,726.5902158398785
3,64683.988173246384,94000,703.0378652803433
8,64723.55536985397,93000,703.4343729498344
2,64798.32954645157,86000,696.289963488591
4,64867.91636681557,95000,681.405021561383
0,64909.33692955971,93000,650.9643033583027
6,64946.18453216553,99000,730.0966788148464
9,64952.24344396591,88000,687.126144343428
1,64953.50435972214,95000,688.0148923301095
7,64966.90510511398,66000,-21.250480707394242
5,64973.09104800224,93000,731.7557575484724
3,65005.17199444771,95000,693.8663723868357
8,65015.468564510345,94000,703.061852682557
2,65034.815989255905,87000,699.133748046974
4,65056.182267427444,96000,696.9939481848917
0,65076.1905567646,94000,661.7046511057665
6,65089.238427877426,100000,743.3890075066379
9,65104.9872841835,89000,695.1990376214328
1,65111.065403699875,96000,684.7257018360023
5,65116.267140865326,94000,736.2543500306988
3,65158.466567754745,96000,684.6070532991918
8,65164.39158082008,95000,709.640761022134
2,65184.48661971092,88000,699.2173575331383
7,65203.68710517883,67000,-21.267494862716102
4,65206.54162859917,97000,702.7681187362274
0,65233.720205545425,95000,656.1322346564887
6,65234.1872112751,101000,731.3776552145449
9,65258.76673603058,90000,692.5468354279785
5,65259.33627462387,95000,738.1595954553528
1,65271.317821502686,97000,692.5819827476819
3,65310.83114171028,97000,688.065020395335
8,65311.198786497116,96000,710.5883112756943
2,65336.15591669083,89000,687.7472791862714
4,65359.80900669098,98000,692.6961519331658
6,65379.37857627869,102000,728.9640828258001
0,65388.424043893814,96000,666.5347797764219
5,65403.18713545799,96000,733.0613331746154
9,65411.63051199913,91000,696.7842406670502
1,65426.14285492897,98000,703.1703207835543
7,65441.37381696701,68000,-21.303926639919023
8,65459.685930252075,97000,710.9443838234096
3,65464.56992602348,98000,683.5597200226276
2,65486.53662276268,90000,693.6701458016271
4,65512.1174428463,99000,695.0669465573361
6,65523.913561820984,103000,732.249725546162
0,65543.35612225533,97000,664.6131228344515
5,65546.61532878876,97000,735.1711484653111
9,65565.80609154701,92000,685.0356617914179
1,65585.73507881165,99000,697.8340591653124
8,65606.73546409607,98000,708.1340809864471
3,65617.93662714958,99000,688.062308844982
2,65636.80206489563,91000,693.7035969597997
4,65662.48380208015,100000,699.6676086369739
6,65668.59293651581,104000,733.1506461055677
7,65676.82996797562,69000,-21.24287810965245
5,65689.28361558914,98000,740.4759597566282
0,65698.38065052032,98000,664.3740929472126
9,65718.12472653389,93000,695.1927528043931
1,65735.19291138649,100000,697.1380322185098
8,65757.00147366524,99000,703.9511958013799
3,65768.32115650177,100000,704.0203734166861
2,65787.40090560913,92000,688.459044183768
4,65812.78360819817,101000,696.7422039102419
6,65813.78585505486,105000,727.5464484858213
5,65834.23499083519,99000,723.3098276416501
0,65853.09869742393,99000,665.2166213170394
9,65871.5938065052,94000,686.9991678712989
1,65883.90462756157,101000,703.0111739798252
8,65904.15406227112,100000,707.7524738319014
7,65918.06435728073,70000,-21.310196988242073
3,65921.0370657444,101000,688.5076886930042
2,65938.0139901638,93000,697.8775283602055
6,65957.92848491669,106000,732.5410240692592
4,65963.12703084946,102000,701.2894180157296
5,65977.50607538223,100000,735.6428749447937
0,66009.70987725258,100000,658.3716200790852
9,66023.47396683693,95000,695.2575734846363
1,66035.46778845787,102000,702.2649660248877
8,66055.92355275154,101000,707.5560104354381
3,66078.07163143158,102000,696.6063402627507
2,66088.50290822983,94000,693.4063675854643
6,66100.5281560421,107000,736.3441728993989
4,66112.63560509682,103000,705.852918984632
5,66127.39346194267,101000,730.4578044855325
7,66154.56369066238,71000,-21.32201749983022
0,66165.09602618217,101000,671.8456326768405
9,66175.86572122574,96000,693.2622280978305
1,66187.1545124054,103000,703.6333354952194
8,66203.97627854347,102000,710.9959785592783
3,66232.93181657791,103000,701.1957447643308
2,66236.95676994324,95000,699.4662370146691
6,66245.19865584373,108000,726.2592986559044
4,66262.86208558083,104000,708.4316419547071
5,66273.28599190712,102000,743.5801129082771
0,66323.63937568665,102000,649.1033842249457
9,66327.32423424721,97000,695.0808906337224
1,66339.89769029617,104000,708.5266624766451
8,66357.19426989555,103000,703.1250679079267
2,66385.41739368439,96000,705.5868239980703
3,66389.21695327759,104000,692.7114949828259
6,66392.42908120155,109000,712.078585529682
7,66395.57277226448,72000,-21.289714648379846
4,66411.88019943237,105000,711.7263337924388
5,66416.86625623703,103000,737.6233644249828
9,66478.4979403019,98000,692.9815712922854
0,66478.76293492317,103000,667.7991769795709
1,66487.47870826721,105000,709.9040728144319
8,66504.80522203445,104000,713.6264986612971
2,66532.0400519371,97000,711.5473969409476
6,66537.65637803078,110000,725.0226663926499
3,66541.15279364586,105000,707.6478122035494
4,66561.12765979767,106000,708.980599259806
5,66562.52416181564,104000,738.1945139094988
9,66630.8338959217,99000,695.9931283033525
7,66632.76084947586,73000,-21.3081945275386
0,66633.85158705711,104000,670.1119377079133
1,66637.39526748657,106000,693.7146190910966
8,66654.41925597191,105000,708.5352177773091
6,66682.02257442474,111000,733.0236026601767
2,66682.83718729019,98000,710.650997195876
3,66696.95367312431,106000,698.2723821772961
5,66704.91303014755,105000,743.2786695829575
4,66712.19777488708,107000,701.4591154858024
9,66782.64572930336,100000,694.5502269406809
1,66788.12580347061,107000,699.4990805592665
0,66790.1214568615,105000,666.2524115159499
8,66803.73067712784,106000,712.5154608370756
6,66828.24184846878,112000,717.9046858810726
2,66832.60276460648,99000,693.7421330013347
5,66850.45887994766,106000,748.690879544961
3,66853.77417588234,107000,694.4844041767327
4,66863.15820145607,108000,703.812028530154
7,66870.16748142242,74000,-21.250968362556186
9,66934.07840561867,101000,701.568623271605
1,66937.2605035305,108000,699.8387116280624
0,66943.41957616806,106000,678.5662200491075
8,66962.27497887611,107000,713.9478223247696
6,66974.41309309006,113000,720.3576043607233
2,66979.53600645065,100000,716.5404247331576
5,66999.37148165703,107000,745.9816131743111
3,67011.81615948677,108000,698.9262088902523
4,67013.33672904968,109000,704.8221696453492
1,67085.68542909622,109000,700.4743326034994
9,67085.9985768795,102000,693.4654179094964
0,67096.41021633148,107000,672.7859700359754
7,67106.71359109879,75000,-21.249555175487597
8,67117.30481886864,108000,707.4486727098421
6,67117.82961273193,114000,729.9833795195705
2,67125.49187636375,101000,710.1089820050667
5,67144.0916647911,108000,738.335901704349
4,67163.38767814636,110000,705.6737652895815
3,67167.04432344437,109000,701.3054613768189
1,67235.74333167076,110000,691.8556733162906
9,67238.58450198174,103000,707.0232669665838
0,67250.46536970139,108000,676.2464015630617
6,67262.78945231438,115000,736.4735013280276
2,67274.12901234627,102000,701.6412623001225
8,67279.75589370728,109000,710.0298476326755
5,67298.35124921799,109000,737.517246684883
4,67314.86282682419,111000,699.465271573386
3,67324.39750123024,110000,696.2839991458322
7,67345.45542693138,76000,-21.28804806950471
1,67386.39782118797,111000,698.9216735706113
9,67390.3107995987,104000,705.648320488579
0,67403.6810104847,109000,683.5790680196435
6,67407.1683037281,116000,737.2956123077738
2,67422.03771233559,103000,709.9022441299264
8,67438.47459292412,110000,714.480774612561
5,67451.6128191948,110000,742.2242505112084
4,67462.66708731651,112000,715.8311819455796
3,67481.49397993088,111000,696.9462059830007
1,67536.0241162777,112000,699.7365716644462
9,67541.50834083557,105000,693.8375657170807
6,67555.43938469887,117000,730.3085796152457
0,67557.01825642586,110000,680.0613879536218
2,67571.52445554733,104000,708.4317753852217
7,67591.79944777489,77000,-21.272949717573667
8,67599.70900774002,111000,713.7580865354959
5,67604.57195138931,111000,743.616601664909
4,67615.04550480843,113000,697.5212616393308
3,67637.96596980095,112000,695.9344117231096
1,67687.4033575058,113000,698.7481102688869
9,67699.35735869408,106000,694.3383961880534
6,67703.12911844254,118000,730.1140046058118
0,67711.87910056114,111000,674.4649154005418
2,67720.21706581116,105000,712.1447553161067
8,67749.21634101868,112000,711.9020425751445
5,67757.39434456825,112000,750.5525658269951
4,67766.2459988594,114000,701.4623853260513
3,67790.91274213791,113000,700.079327246664
7,67831.70692634583,78000,-21.2854535155363
1,67838.40339374542,114000,692.0917828209231
6,67847.19494199753,119000,735.5333521029778
9,67862.50331044197,107000,691.9570438193562
0,67866.15082144737,112000,671.5260308790785
2,67868.61687016487,106000,707.3418754258892
8,67906.68461036682,113000,719.4614232723965
5,67910.48166394234,113000,744.153947225494
4,67915.78544926643,115000,709.0534894529084
3,67944.03074145317,114000,702.2241415796955
1,67990.39402389526,115000,689.9138615698504
6,67994.29095578194,120000,724.1175901734881
9,68017.13107204437,108000,712.4344602173458
2,68018.0129904747,107000,701.4605660140913
0,68024.74998521805,113000,668.5238792866351
8,68052.6704788208,114000,723.3918371327708
5,68065.31768512726,114000,742.3117822815358
4,68067.64920806885,116000,695.1509254395157
7,68069.06592535973,79000,-21.28868821017867
3,68096.85281586647,115000,709.4665478231051
6,68137.37448620796,121000,734.4969946766522
1,68139.79467749596,116000,694.1424081862247
2,68165.67367911339,108000,703.9538464641844
9,68175.48605632782,109000,703.4373313146057
0,68184.69196152687,114000,685.6553079191087
8,68200.23789072037,115000,721.8836385214873
5,68214.65273571014,115000,749.1556382834909
4,68218.98338723183,117000,697.5713867729697
3,68254.41217517853,116000,703.7527902089514
6,68280.90117311478,122000,739.524931853439
1,68292.07295227051,117000,686.0333857239015
7,68310.1759223938,80000,-21.28865109724004
2,68312.39620399475,109000,715.3326459942386
9,68330.42033338547,110000,717.2698190983349
0,68341.46837687492,115000,670.5282757342593
8,68345.54859828949,116000,720.7665772506375
5,68364.94880962372,116000,739.3311261101389
4,68370.00185418129,118000,695.4509123024353
3,68410.65894436836,117000,698.8457994870494
6,68426.5456764698,123000,731.4180153300966
1,68444.00043320656,118000,681.8853772921593
2,68461.58895254135,110000,708.2761124490202
9,68485.23338341713,111000,702.8482813900727
0,68498.84134626389,116000,669.5404445909537
8,68506.77951741219,117000,733.0354333830666
5,68510.63876461983,117000,746.3396992686069
4,68525.72199296951,119000,690.6892935337344
7,68548.32659053802,81000,-21.292308724135832
3,68561.61033129692,118000,708.5565624919733
6,68574.77148413658,124000,732.9438979428753
1,68601.1893863678,119000,685.5367681416385
2,68612.27603125572,111000,702.0882368534429
9,68639.70105671883,112000,706.3556862283046
5,68658.45677733421,118000,748.8358798829843
0,68658.55144715309,117000,673.7056030383836
8,68663.94606661797,118000,739.3491274931146
4,68678.7109901905,120000,696.7324110107671
3,68714.4151608944,119000,695.362040975015
6,68720.9058148861,125000,728.8050151297404
1,68757.4742732048,120000,698.2356280740296
2,68762.68055152893,112000,707.1639938643123
7,68789.80028796196,82000,-21.25317274558832
9,68790.82970714569,113000,716.9117686012164
5,68805.026750803,119000,746.5112211248601
8,68813.365837574,119000,725.7006596083481
0,68820.38152480125,118000,673.5720084112895
4,68832.06706762314,121000,687.4975447576052
6,68866.32649159431,126000,738.8119839721344
3,68872.5895409584,120000,693.2657134399454
2,68912.46288585663,113000,695.4526977833674
1,68913.88849449158,121000,690.2743441100307
9,68940.31345391273,114000,722.2520888369191
5,68950.09713840485,120000,757.6557131723275
8,68959.68455481529,120000,725.0878334148889
0,68973.65662646294,119000,688.371654434024
4,68987.78467202187,122000,685.8184020081585
6,69013.44795274734,127000,726.710894955919
3,69025.39023566246,121000,704.3643367700306
7,69028.32786726952,83000,-21.20904928911278
2,69061.91545128822,114000,699.1540167233215
1,69066.9583222866,122000,685.8724190290518
9,69089.94972014427,115000,722.4347250199013
5,69096.05425548553,121000,744.6083936246342
8,69109.4589407444,121000,728.9140242932427
0,69128.79747486115,120000,677.0369059693163
4,69140.52164816856,123000,693.9992728276488
6,69158.64963841438,128000,736.9880573589837
3,69184.31428098679,122000,694.9714399272558
2,69209.1074745655,115000,713.2957201070793
1,69219.96056437492,123000,685.8813705578175
9,69239.9655406475,116000,716.6946708875046
5,69248.35249519348,122000,744.8150033112686
8,69256.93303632736,122000,724.8898556361236
7,69269.37769651413,84000,-21.250891011558053
0,69284.54743409157,121000,680.2621148545392
4,69296.36714434624,124000,692.2990205565161
6,69306.03244400024,129000,731.8666159033158
3,69337.34562802315,123000,695.3727146967793
2,69358.23584413528,116000,702.1986389644082
1,69371.24068617821,124000,695.8668867730102
9,69390.39674115181,117000,715.7048765420906
5,69396.9949285984,123000,746.7412499774057
8,69413.36429619789,123000,729.1755102488848
0,69445.12025761604,122000,678.4212654129703
4,69449.7298104763,125000,692.5064696252665
6,69452.02385663986,130000,740.8404802519208
3,69489.60992217064,124000,697.8410394408559
7,69507.92924761772,85000,-21.265815448128993
2,69518.0645813942,117000,691.7160120486997
1,69520.43057918549,125000,710.7489967438514
9,69541.47745013237,118000,709.6160560265887
5,69548.30373620987,124000,748.6428431388975
8,69570.4953610897,124000,726.1978906461603
6,69597.0988137722,131000,746.8440817353255
0,69606.04194283485,123000,672.0134347203492
4,69607.58221435547,126000,697.6453539218421
3,69641.21041107178,125000,693.8581495905189
2,69667.21791243553,118000,704.9848668975931
1,69668.08150553703,126000,716.5943172497593
9,69689.88130307198,119000,722.5009753870473
5,69701.32145929337,125000,741.339056831225
8,69733.39864253998,125000,722.8305943745319
6,69743.13254618645,132000,743.1589511721581
7,69748.580909729,86000,-21.22990107578093
4,69762.79732179642,127000,698.8243779711577
0,69765.58569955826,124000,668.4256886612249
3,69796.8796505928,126000,695.5848928637614
2,69816.5745601654,119000,701.3198086148896
1,69819.06460642815,127000,701.6779670616554
9,69838.6373000145,120000,719.9412955409528
5,69849.66709041595,126000,742.0997437341063
6,69887.24606728554,133000,744.4403671687644
8,69891.55067801476,126000,715.4084547922548
4,69915.67689538002,128000,691.1429056893323
0,69923.5344851017,125000,673.9357667730774
3,69949.16953253746,127000,699.9797009113715
2,69965.28204870224,120000,699.851180741053
1,69982.13012480736,128000,699.2558398198782
7,69986.80100560188,87000,-21.24466620822404
9,69989.37082576752,121000,711.911881085807
5,69991.03721261024,127000,745.4281054703513
6,70031.82536435127,134000,739.8014155008831
8,70052.67161726952,127000,720.0487073125324
4,70067.40285587311,129000,694.3013745433115
0,70083.80451202393,126000,649.4917391891931
3,70100.59582781792,128000,690.6239900625616
2,70114.73626923561,121000,695.5685887879872
5,70133.39226770401,128000,739.1134895791384
1,70136.44237112999,129000,706.9758520718401
9,70144.56368017197,122000,724.7763833498191
6,70174.8993461132,135000,751.0286721092649
8,70199.11042404175,128000,710.926329554482
4,70220.41130304337,130000,700.1482962855769
7,70228.4711921215,88000,-21.251536701406888
0,70247.37272143364,127000,662.264127044779
3,70255.54303431511,129000,684.4401309530215
2,70260.3675801754,122000,719.4000812810312
5,70275.34468579292,129000,744.794484953063
1,70291.67179393768,130000,710.691779402755
9,70297.50769281387,123000,710.3682062065693
6,70318.21488952637,136000,746.2816266309103
8,70346.57297301292,129000,721.300979455158
4,70374.29076695442,131000,696.1311676025522
2,70404.78710484505,123000,723.0790572125485
3,70407.40611314774,130000,696.7879541937772
0,70407.65254950523,128000,664.5834078476893
5,70417.57405495644,130000,736.7850684404348
1,70439.38906955719,131000,704.0448315155562
9,70449.6727194786,124000,728.0240285286359
6,70459.60173249245,137000,750.2818431151886
7,70463.9341070652,89000,-21.28767527442282
8,70492.63784766197,130000,712.4306418110765
4,70523.85216331482,132000,703.0597107680477
2,70551.35414505005,124000,714.6457662481445
3,70561.02886223793,131000,684.0458545765564
0,70563.73983001709,129000,665.7105596256533
5,70564.32991194725,131000,735.619304165916
1,70588.48538422585,132000,707.7616665434232
9,70600.56804180145,125000,723.5000895816371
6,70603.40269398689,138000,748.8961704752405
8,70649.60858035088,131000,713.4653376489629
4,70675.85114145279,133000,687.5970932089591
2,70694.86805129051,125000,730.5091432863065
3,70712.36775255203,132000,691.3772111125976
5,70717.27644467354,132000,740.0055135376948
0,70721.16761994362,130000,664.0086087640414
7,70723.89186191559,90000,-21.2319796756535
1,70736.14732146263,133000,711.8926942291265
6,70745.70658254623,139000,753.8661374010528
9,70747.69286298752,126000,720.951585161549
8,70802.04379558563,132000,710.027567270214
4,70827.66348958015,134000,701.3481609042291
2,70840.38560295105,126000,729.7741095280667
3,70861.71217036247,133000,702.5178120214089
5,70871.54644727707,133000,738.0840042372419
0,70877.7827744484,131000,676.2645193337198
1,70885.00962686539,134000,701.9469670938665
6,70888.87059473991,140000,751.2366094445529
9,70897.10911083221,127000,709.6298896011408
8,70956.30135679245,133000,717.7345999327567
4,70975.50203299522,135000,714.5649731347951
7,70978.12628626823,91000,-21.290256256789636
2,70985.57099437714,127000,721.4579494245739
3,71014.60361504555,134000,687.3479724229145
5,71024.96445322037,134000,744.8056141539565
6,71031.71635866165,141000,756.4770410811461
1,71034.27650523186,135000,704.8492176413544
0,71040.84677624702,132000,674.8777383480806
9,71045.6085972786,128000,722.7570773139594
8,71102.47000694275,134000,722.4973965519656
4,71124.93495631218,136000,704.1251679975946
2,71129.61349153519,128000,726.5687226286435
3,71165.00235390663,135000,701.1351270856962
6,71173.98189687729,142000,755.9586488272582
5,71179.88937568665,135000,735.381847349948
1,71184.61495375633,136000,695.5559320683047
9,71193.79293251038,129000,715.0194223264469
0,71199.20017433167,133000,663.3290164029215
7,71234.3730123043,92000,-21.26878991211178
8,71250.1451599598,135000,717.9189795258171
2,71274.97849369049,129000,725.009789993343
4,71277.78687596321,137000,708.7670896303566
3,71316.8757083416,136000,693.1599985242058
6,71317.63625025749,143000,746.2841662467897
5,71332.58035182953,136000,748.766773087403
1,71333.7876329422,137000,704.3923318270861
9,71345.85447597504,130000,711.6933039298746
0,71362.90021109581,134000,668.1716266201454
8,71398.09532308578,136000,724.7606588959281
2,71421.59280014038,130000,723.507050879408
4,71430.1809489727,138000,704.4433973555963
6,71460.53234601021,144000,760.1926392858282
3,71468.57496261597,137000,702.7464043296097
1,71482.71817302704,138000,715.3748399128038
7,71485.5102596283,93000,-21.25635333403222
5,71487.42547416687,137000,743.5707763228329
9,71495.37477517128,131000,720.5658435085289
0,71523.17524194717,135000,686.0081769720038
8,71549.18704891205,137000,708.2276666378232
2,71567.39322924614,131000,717.2506914962862
4,71579.86387658119,139000,709.6099558557322
6,71602.3028883934,145000,760.6372737324449
3,71616.90770626068,138000,707.4104313586487
1,71630.92514204979,139000,705.939186322289
5,71640.38152980804,138000,745.8401849412363
9,71643.60459637642,132000,722.1112307979472
0,71682.16080522537,136000,668.0454600121916
8,71696.56045079231,138000,721.7962438702077
2,71710.41864418983,132000,733.6638901836268
7,71727.17789769173,94000,-21.257674855795752
4,71729.75033402443,140000,704.7654488302308
6,71744.72897100449,146000,761.5196838111654
3,71765.23574972153,139000,707.8292779008553
1,71778.30495095253,140000,713.1982937044951
5,71793.83926272392,139000,744.4787096038344
9,71793.97691559792,133000,718.6521762658272
0,71840.33699727058,137000,674.0355316171606
8,71848.31909275055,139000,714.6371982398695
2,71854.8447303772,133000,722.5576121705012
4,71880.58804321289,141000,710.4138439847832
6,71888.59886717796,147000,759.2062661173889
3,71914.61398148537,140000,705.774558161369
1,71927.28662347794,141000,706.3522840893985
9,71941.42793631554,134000,725.9546536397744
5,71942.02373409271,140000,745.9658311867232
7,71962.43625426292,95000,-21.22565634909283
8,71998.55006122589,140000,708.4493470020667
2,71999.79738378525,134000,720.6633910986518
0,72000.62334442139,138000,674.2592769743732
6,72031.64676070213,148000,759.4319077670355
4,72033.67195034027,142000,702.917745127643
3,72063.9168279171,141000,704.1722525938349
1,72077.10895514488,142000,700.2343636806597
9,72091.79591655731,135000,704.1006206344636
5,72095.35119700432,141000,739.5911324149627
2,72143.11446237564,135000,729.6183272513376
8,72149.60787940025,141000,715.6040386945936
0,72164.84539866447,139000,666.6309247108838
6,72174.50931215286,149000,756.1629825371745
4,72182.85745811462,143000,706.4950496033147
7,72200.48892831802,96000,-21.322959893140816
3,72212.97920513153,142000,703.2308625876553
1,72224.35697817802,143000,712.8680922779745
9,72241.35736346245,136000,709.4400056563571
5,72249.06183409691,142000,739.0382985857532
2,72287.77782917023,136000,729.3359413310515
8,72297.11572647095,142000,715.1837416072464
6,72318.49914956093,150000,755.7823733534342
4,72331.43998599052,144000,707.1217491411783
0,72331.75028896332,140000,663.3554567357612
3,72363.41999363899,143000,699.2109745860329
1,72371.12144708633,144000,714.6632897231083
9,72390.27249598503,137000,714.5322686189127
5,72402.01464390755,143000,749.8871196812808
2,72431.79801177979,137000,727.5627909627125
7,72437.03510260582,97000,-21.27252589686155
8,72446.93336606026,143000,713.6621166008489
6,72461.79838705063,151000,753.8336842587936
4,72484.99946045876,145000,696.6677506451829
0,72492.055737257,141000,677.9493596153831
3,72515.18519687653,144000,701.138605222064
1,72517.702729702,145000,718.6360627313865
9,72539.21656847,138000,712.5083032859516
5,72555.75725007057,144000,744.8367533070208
2,72575.49596786499,138000,737.159464266932
8,72594.73059988022,144000,717.654701357385
6,72604.60711598396,152000,753.6985380102119
4,72633.19132065773,146000,712.112814620192
0,72645.37636971474,142000,691.8252065362592
1,72665.90493512154,146000,714.2311567955874
3,72669.59026145935,145000,703.0746032738044
7,72676.80803537369,98000,-21.25913266500319
9,72686.04547262192,139000,724.432879081627
5,72704.99146580696,145000,755.8415729652572
2,72719.95195627213,139000,730.366169836091
8,72743.15608239174,145000,715.273933424707
6,72746.4367389679,153000,759.5550750993891
4,72783.73426938057,147000,700.3974920103374
0,72803.66108489037,143000,673.8257579473438
1,72813.13335847855,147000,710.7590165980625
3,72823.01985526085,146000,703.5096552803373
9,72834.73848795891,140000,713.2150609126342
5,72850.3691329956,146000,748.4395273723628
2,72862.67245578766,140000,733.3210300596228
6,72887.89622116089,154000,757.7057771710193
8,72890.0244834423,146000,716.2569646439896
7,72911.88870000839,99000,-21.275493433760612
4,72932.14714360237,148000,709.9540017721455
1,72958.34938144684,148000,721.854269916568
0,72962.56487941742,144000,680.2498232146318
3,72972.7874007225,147000,701.8930070850826
9,72980.21827435493,141000,728.3291837356218
5,73001.02253842354,147000,752.6797506319842
2,73006.2007431984,141000,726.8137323184195
6,73035.25446796417,155000,745.8495159123304
8,73045.20675253868,147000,714.6606508747675
4,73081.47517681122,149000,707.087383221591
1,73105.71721458435,149000,715.6380419275742
3,73123.75592708588,148000,698.4265628789578
0,73124.8522849083,145000,691.7645351482851
9,73127.24807071686,142000,722.7441736460922
5,73144.95940947533,148000,756.0300527622302
7,73150.4350540638,100000,-21.24171163333787
2,73151.91867470741,142000,723.4878285104842
6,73184.19837069511,156000,739.0564464251981
8,73193.82476258278,148000,709.7162607754758
4,73231.75660610199,150000,705.9863379565018
1,73254.61429810524,150000,708.3014849097411
9,73274.45628905296,143000,722.0802627943458
3,73274.96100878716,149000,696.3317630428749
0,73287.31901788712,146000,675.225223515388
5,73290.02213430405,149000,750.6749185804866
2,73295.49263381958,143000,730.8321745693084
6,73329.79081845284,157000,750.7994311530276
8,73342.40589785576,149000,707.6253263172637
4,73382.43193149567,151000,701.5653008323
7,73386.38539505005,101000,-21.2422191101101
1,73404.24793171883,151000,710.3335540676173
9,73422.40463519096,144000,726.3213717369503
3,73426.03013730049,150000,701.6019525675696
5,73433.34457683563,150000,744.9776340019746
2,73439.44301199913,144000,735.0629719176055
0,73451.21408748627,147000,691.1868769003123
6,73475.70801782608,158000,751.8080765797291
8,73490.42110657692,150000,709.1623922167738
4,73530.51060080528,152000,713.7797617160643
1,73551.71441173553,152000,708.6915575225817
9,73575.06116390228,145000,719.4185646507647
3,73576.02764225006,151000,705.9508378846157
5,73577.75299239159,151000,750.6160742258595
2,73583.86862754822,145000,725.3150722169795
0,73613.73255515099,148000,691.2736058288683
6,73618.24945664406,159000,752.5450331951319
7,73624.51995444298,102000,-21.202216380959207
8,73643.65242242813,151000,706.328175291518
4,73680.02593398094,153000,702.5482564659279
1,73699.53867077827,153000,712.2417963304766
5,73726.1014893055,152000,753.8383540910927
9,73728.66298699379,146000,725.6633837231738
2,73728.9969432354,146000,721.2584085103064
3,73733.86385321617,152000,710.912815009166
6,73762.86689662933,160000,747.3777545371206
0,73775.41632580757,149000,686.3757324073997
8,73792.3092827797,152000,703.8603196387645
4,73829.11907243729,154000,706.4306873132144
1,73847.97656106949,154000,705.534126289765
7,73861.72975468636,103000,-21.22616669852877
2,73873.51022648811,147000,722.7183139988425
9,73878.38388943672,147000,724.7236808518568
5,73879.44419622421,153000,745.8213918581681
3,73896.56066226959,153000,693.9679658286097
6,73905.83245658875,161000,751.7971864781701
0,73927.4764304161,150000,691.1087131202507
8,73940.93000555038,153000,714.8058015454701
4,73977.95214128494,155000,709.7433811280221
1,73998.10239434242,155000,708.1578964304911
2,74017.16360926628,148000,726.879643125272
5,74027.66795492172,154000,750.3173639770906
9,74037.6987836361,148000,727.9139483798859
6,74049.19790554047,162000,749.6410091327089
3,74055.26760721207,154000,711.066732297709
0,74077.83515667915,151000,701.0264501147418
8,74087.94949507713,154000,710.6238395933918
7,74103.21326327324,104000,-21.21110508087641
4,74126.03529429436,156000,713.9519711587074
1,74143.79888749123,156000,721.526645954259
2,74160.126568079,149000,729.2130462017274
5,74179.00638985634,155000,751.5995132263806
6,74190.82650184631,163000,756.4595865132474
9,74193.89999580383,149000,728.5152242558775
3,74210.07487487793,155000,712.797683936889
0,74229.2199075222,152000,694.4349683115573
8,74237.07155179977,155000,704.5703985717068
4,74274.17466139793,157000,710.1832489329838
1,74290.86916399002,157000,710.1194306177524
2,74301.95564103127,150000,733.6889708488446
5,74330.3724257946,156000,749.97060995418
6,74332.74203896523,164000,753.3182132175978
7,74337.22472691536,105000,-21.203182954519157
9,74348.44005012512,150000,725.9844338908597
3,74364.3757238388,156000,706.1670108327554
0,74379.01672410965,153000,698.6506517362606
8,74384.18008351326,156000,705.6467339946838
4,74422.12321639061,158000,710.2096506395209
1,74436.57788300514,158000,718.1609201411238
2,74445.55397510529,151000,723.1747603519461
6,74475.40968894958,165000,748.9911821428295
5,74481.6700348854,157000,751.7822254464165
9,74498.72511124611,151000,732.7218069064465
3,74523.10088181496,157000,708.2963953818503
0,74531.65879154205,154000,684.0693757687701
8,74532.61479282379,157000,714.5283849737476
4,74572.56988477707,159000,695.7670794527123
7,74576.6908621788,106000,-21.21549903655494
1,74583.08231139183,159000,716.372594169382
2,74590.0339949131,152000,723.4947552918304
6,74619.42757368088,166000,747.1121489015125
5,74631.85377407074,158000,755.5106196446712
9,74648.85529494286,152000,727.954689560273
8,74680.6994202137,158000,701.178263059618
3,74681.17794036865,158000,705.1243876564762
0,74690.39183855057,155000,675.0517530222655
4,74720.29765963554,160000,712.4649800387832
1,74730.25301456451,160000,708.1199214970496
2,74732.33053517342,153000,730.5930181396018
6,74762.72450876236,167000,744.6667991017413
5,74784.06904673576,159000,742.3710883482203
9,74799.76728534698,153000,731.264787412197
7,74814.98054480553,107000,-21.25992415149201
8,74830.22165679932,159000,702.702011979871
3,74837.86483621597,159000,714.8338883428279
0,74848.14124703407,156000,681.7530654650187
4,74869.77467894554,161000,702.8850217911386
2,74874.66239714622,154000,731.5797889204473
1,74878.6267273426,161000,705.3601084237796
6,74906.35641646385,168000,742.8486814489489
5,74936.48369073868,160000,746.3270431728198
9,74949.20325660706,154000,731.2336107159705
8,74976.20756077766,160000,715.390687896506
3,74995.9776699543,160000,703.082369996151
0,75008.63508152962,157000,700.6753642530838
2,75017.11037874222,155000,730.1799868084303
4,75018.8354434967,162000,704.9976742607186
1,75025.62769579887,162000,719.8715910497178
6,75049.36050844193,169000,744.9387971462227
7,75058.13600349426,108000,-21.27884618443662
5,75088.14475870132,161000,750.6730820852816
9,75097.78326535225,155000,740.1258296405674
8,75124.20523524284,161000,710.8308888802699
3,75153.20643210411,161000,713.9126473538817
2,75159.68698072433,156000,732.7445411675099
0,75166.79970026016,158000,680.6585268068837
4,75168.60801029205,163000,701.2492528492556
1,75172.83237028122,163000,719.3736840318455
6,75193.23773813248,170000,741.3989505525973
5,75240.0938987732,162000,750.2274533146771
9,75248.35830020905,156000,725.6538733902365
8,75271.8028113842,162000,706.9729652084885
7,75293.74451065063,109000,-21.23567351210671
2,75303.4520251751,157000,727.5077192518042
3,75304.76342988014,162000,717.319938100463
4,75316.65725517273,164000,715.0601365728218
1,75318.51021909714,164000,720.0566602651749
0,75327.80742025375,159000,675.5383642549566
6,75338.1505227089,171000,749.7501185021976
5,75392.3662981987,163000,747.4224535378142
9,75392.74502921104,157000,740.7382419916036
8,75419.76544165611,163000,708.9910247342021
2,75446.34569978714,158000,729.2958157911548
3,75456.24009871483,163000,714.9526060524554
4,75464.4067401886,165000,715.6222103514253
1,75464.71772623062,165000,718.4921473770959
0,75488.42484164238,160000,682.9404852101636
6,75490.70705676079,172000,743.3642244951044
7,75530.71771478653,110000,-21.251256360543735
9,75536.08148479462,158000,737.9560794163627
5,75544.01398086548,164000,747.0339588130836
8,75564.98747038841,164000,707.3435744095603
2,75588.3999273777,159000,723.3104571810309
3,75608.03741407394,164000,713.6172490999495
1,75608.06106114388,166000,720.6558317357036
4,75609.61313605309,166000,714.174835079825
6,75635.19422197342,173000,747.5839440769978
0,75637.60476398468,161000,686.8599492286148
9,75683.29005980492,159000,732.6931598116221
5,75692.88774847984,165000,751.1527085857867
8,75713.24254202843,165000,711.3896422270465
2,75728.17952871323,160000,729.0585635961849
1,75748.4595477581,167000,729.2569152817143
4,75754.0514061451,167000,707.7098645388775
3,75754.55124044418,165000,709.6447645761962
7,75768.99970507622,111000,-21.207414803232275
6,75774.64294958115,174000,741.1458915617773
0,75786.09513044357,162000,680.0446006039059
9,75824.0932700634,160000,735.8778851899797
5,75840.06395745277,166000,755.6813161962783
8,75854.861733675,166000,710.028514536811
2,75866.47332262993,161000,729.0140909929554
1,75889.1381289959,168000,721.2517196482839
3,75896.84550619125,166000,706.9010591677051
4,75897.86750912666,168000,701.8543499304546
6,75919.66235637665,175000,748.2437718632204
0,75931.45346832275,163000,688.0092188539886
9,75964.94124341011,161000,736.4859507884821
5,75985.23189687729,167000,751.0890900598112
7,75996.29359602928,112000,-21.253920184876733
8,75997.51210808754,167000,697.578147490615
2,76001.91686487198,162000,736.5028232794998
1,76026.81226706505,169000,728.652489901627
3,76035.52140140533,167000,719.4184088800822
4,76038.25798845291,169000,710.5870653310724
6,76062.71647787094,176000,756.4395973567105
0,76078.47435951233,164000,674.7441922133288
9,76110.38393163681,162000,739.3140549172186
5,76130.2464697361,168000,750.1555575577072
8,76135.27390170097,168000,711.7500426965001
2,76138.8114054203,163000,718.5614732046128
1,76171.65677118301,170000,727.1042830727727
3,76174.48916387558,168000,712.7046191138987
4,76178.7700369358,170000,709.383193350347
6,76196.79056739807,177000,749.4372266284045
7,76217.96496272087,113000,-21.218425752006887
0,76225.25573039055,165000,691.7984765932677
9,76254.49368834496,163000,739.3755888136807
5,76274.23097753525,169000,753.0189002432504
8,76274.56042599678,169000,711.1197320778257
2,76275.11662530899,164000,719.9413341916742
1,76312.4648296833,171000,730.666683342129
3,76312.67665743828,169000,715.0991779687264
4,76317.13001394272,171000,714.5658567487974
6,76331.1634440422,178000,749.8025981537305
0,76372.98979759216,166000,690.2908114812986
9,76394.57227063179,164000,735.8576649403519
2,76408.42439746857,165000,739.6865821959648
8,76411.09761309624,170000,715.8621534865189
5,76417.86337542534,170000,751.4025499390902
7,76443.62172818184,114000,-21.191615715349652
3,76449.68552875519,170000,725.1573828016989
4,76454.71735882759,172000,723.4286310621753
1,76458.01323342323,172000,721.613263254511
6,76464.78080701828,179000,751.4193061868483
0,76521.62769198418,167000,677.7485915633077
9,76539.02566218376,165000,728.8197473998123
2,76542.78373765945,166000,733.5674910586267
8,76550.17983913422,171000,711.0772735546759
5,76561.94758105278,171000,748.4177449372099
3,76586.587277174,171000,723.9427615213192
4,76593.2343738079,173000,715.8137873178391
1,76598.35802721977,173000,720.1970633199896
6,76598.65849971771,180000,750.5553087332426
7,76666.30317258835,115000,-21.219482922578592
0,76671.44659733772,168000,684.7317791670089
2,76679.15508079529,167000,719.7963447680306
9,76679.62456321716,166000,745.8779980638533
8,76686.71117162704,172000,717.327352216362
5,76706.93131685257,172000,744.1105633935209
3,76723.56180524826,172000,725.3464435643943
4,76731.52528858185,174000,720.2962475844159
6,76733.0942800045,181000,749.583955132135
1,76743.28727197647,174000,726.6934084501374
2,76814.82695698738,168000,723.2964331067164
0,76819.43281936646,169000,685.0436337932716
8,76825.67799472809,173000,717.020289447825
9,76826.57184100151,167000,732.8564276264985
5,76850.28014111519,173000,751.9897811684509
3,76860.44881772995,173000,723.8210841759366
6,76865.35286307335,182000,759.7762377941353
4,76870.44533061981,175000,710.5869650879154
1,76888.40381836891,175000,727.867792930445
7,76891.66332173347,116000,-21.220108592181234
2,76951.05734753609,169000,719.493030655557
8,76963.57395339012,174000,707.0952074041934
9,76968.74496459961,168000,739.853861688571
0,76969.11979031563,170000,679.9861162187945
5,76995.88757872581,174000,738.2296402413424
6,76998.85728788376,183000,758.4788552348438
3,77004.9359588623,174000,729.8716497440303
4,77009.1373500824,176000,720.5396536265165
1,77026.14643549919,176000,727.1488202167649
2,77087.12001109123,170000,720.9861235688405
8,77102.56801342964,175000,713.2999194776996
9,77111.67617511749,169000,733.6790293902098
7,77113.96004652977,117000,-21.29096228270688
0,77117.9080388546,171000,674.657886130723
6,77131.97901582718,184000,756.7735598279277
5,77139.8022198677,175000,744.5649396443216
3,77146.14261054993,175000,722.1685892854849
4,77147.44402837753,177000,711.3702431463512
1,77166.88206648827,177000,720.9992995681398
2,77218.99356245995,171000,739.7361057682333
8,77238.3133790493,176000,710.895323735676
9,77245.37588596344,170000,747.2544029757423
6,77263.24900698662,185000,760.3288671943127
0,77265.43660497665,172000,674.7221299022549
3,77280.72610926628,176000,731.8304286950325
5,77282.35935974121,176000,748.3281086393831
4,77285.86240005493,178000,709.7569443169547
1,77305.30797195435,178000,724.5528555655417
7,77336.85865020752,118000,-21.20748368508956
2,77353.2746937275,172000,726.4271349541527
8,77377.42002463341,177000,704.2822303196676
9,77381.22488999367,171000,730.1273707695435
6,77395.43096137047,186000,757.3723648488899
0,77412.10366606712,173000,676.3399585589405
3,77417.37091898918,177000,726.0203179866303
4,77425.49028635025,179000,705.162660531422
5,77425.49172925949,177000,746.1694814740514
1,77441.61139035225,179000,729.0152604932891
2,77487.85608506203,173000,725.7193611429678
8,77513.21762347221,178000,715.9137097355275
9,77516.63753461838,172000,734.9142598186471
6,77528.31208539009,187000,754.3101933889063
3,77554.37903046608,178000,722.9091654517272
7,77557.94230604172,119000,-21.129155762382933
0,77563.60679101944,174000,672.584354814224
4,77564.71362781525,180000,707.9069582642519
5,77568.47566866875,178000,750.9163283811426
1,77580.75484704971,180000,728.7722152358441
2,77621.67303442955,174000,736.2950329586479
8,77650.245429039,179000,724.9583563593122
9,77652.04679894447,173000,744.8213894614395
6,77662.1704750061,188000,754.5247795710383
3,77691.2795946598,179000,730.8004674819043
4,77704.64912986755,181000,707.1393993210543
5,77708.3374786377,179000,749.6865121188695
0,77710.67651939392,175000,680.843535461786
1,77720.81655406952,181000,731.695425427708
2,77757.18652844429,175000,725.5831592918372
7,77783.49728989601,120000,-21.269719445094914
8,77786.69456863403,180000,718.6573911202909
9,77788.78889489174,174000,731.9046633904156
6,77795.1096880436,189000,759.1371005298962
3,77828.48327183723,180000,727.8589777264251
4,77843.99069929123,182000,715.9224193320537
5,77847.52246260643,180000,759.7213364271049
1,77859.06863594055,182000,727.4047309899229
0,77860.38233685493,176000,665.1252820643743
2,77893.12685894966,176000,723.0127316014205
8,77924.69321084023,181000,717.1434134350152
9,77925.01096224785,175000,735.0037760854553
6,77928.38472533226,190000,757.51998317263
3,77965.7205107212,181000,725.4340205524717
4,77984.63037157059,183000,702.9344114890768
5,77988.74629640579,181000,749.8171142467028
1,77994.72728705406,183000,733.2842182428241
7,78005.97384405136,121000,-21.239545066993436
0,78007.03370809555,177000,679.6877464185103
2,78027.97752594948,177000,730.7045716050337
9,78060.28577780724,176000,740.285286216878
6,78061.55451226234,191000,758.5275224415902
8,78061.6326687336,182000,714.8182114653785
3,78102.11784815788,182000,730.3981316273732
4,78124.2817723751,184000,714.9349952907655
5,78128.82537651062,182000,749.6647182584177
1,78135.8152859211,184000,731.2964981365708
0,78156.94835615158,178000,677.8265621510111
2,78163.78877091408,178000,722.9419277131549
6,78194.62723755836,192000,759.4950127361479
9,78196.10419416428,177000,736.9776294020179
8,78200.32954883575,183000,721.8250208603722
7,78231.065315485,122000,-21.23361807885519
3,78238.46207809448,183000,731.4615188390046
4,78262.83391976357,185000,717.4169584909886
5,78269.83036231995,183000,750.6418385686949
1,78272.0891931057,185000,732.8958068002507
2,78297.19548630714,179000,740.1986568776017
0,78308.0902428627,179000,675.076036154794
6,78328.29829621315,193000,753.6404595414128
9,78330.38971877098,178000,747.6870033848141
8,78335.95530128479,184000,722.4285496957528
3,78374.33404493332,184000,733.7332730762859
4,78404.2961242199,186000,705.8544307318507
1,78407.17128252983,186000,730.9339872105365
5,78409.86768269539,184000,753.973650987921
2,78431.09333324432,180000,733.6156038019874
7,78452.68967461586,123000,-21.22804053277015
6,78460.15581822395,194000,760.3389739980106
0,78460.30820035934,180000,665.7186604023454
9,78464.79980516434,179000,742.2288848280581
8,78472.30879592896,185000,725.7703608812832
3,78510.96705460548,185000,722.6148399695163
1,78542.04006028175,187000,728.666916885105
4,78543.9817636013,187000,701.8485892552795
5,78549.67055988312,185000,752.3703775781902
2,78564.91026544571,181000,730.2241494358651
6,78593.09856534004,195000,751.893864871558
9,78600.71960258484,180000,732.5828023850953
8,78606.26441073418,186000,728.5596352606682
0,78608.24409866333,181000,675.2282638916685
3,78646.20342230797,186000,734.3747121862117
1,78676.12593054771,188000,733.693774931113
7,78676.21407103539,124000,-21.197685507953967
4,78684.42438578606,188000,709.3193101005561
5,78687.1990082264,186000,760.174361541464
2,78700.2832376957,182000,726.0940119790831
6,78725.84510803223,196000,754.920156365626
9,78735.42643094063,181000,740.163340457973
8,78741.99084234238,187000,731.2960189059668
0,78758.9614546299,182000,680.837844669623
3,78781.26943564415,187000,738.6601344783422
1,78820.41498684883,189000,727.525783015115
4,78824.49694156647,189000,705.9499074202056
5,78827.58533716202,187000,755.4502320546695
2,78835.08477425575,183000,735.7089905114041
6,78858.17177700996,197000,759.9339076904254
9,78870.0163397789,182000,742.6361856415324
8,78876.63564443588,188000,726.6381344893289
7,78898.0327308178,125000,-21.20970917511473
0,78906.03530097008,183000,678.3941299078531
3,78917.35372376442,188000,729.6890971687187
1,78956.22085380554,190000,725.685407246815
4,78964.99129343033,190000,703.5490222696733
5,78967.65395641327,188000,750.6864182346682
2,78970.1652379036,184000,732.9333614156998
6,78991.49984955788,198000,755.666929995747
9,79006.7935461998,183000,731.0224424116109
8,79014.60051560402,189000,720.7247441383581
3,79051.83345031738,189000,743.4407997830874
0,79054.9874958992,184000,682.7445042258427
1,79092.48844265938,191000,725.0727308864255
4,79104.63637328148,191000,708.737039604379
2,79105.36886072159,185000,732.9762034383368
5,79107.51328229904,189000,758.145556703173
7,79123.09548544884,126000,-21.243811468361923
6,79127.00279188156,199000,758.8391636630536
9,79143.13416552544,184000,738.0426976811344
8,79150.75336241722,190000,719.5507802424663
3,79187.0390021801,190000,740.119334496048
0,79201.06210684776,185000,684.48721056302
1,79230.88787055016,192000,721.6009637146398
2,79240.65471148491,186000,733.4341333410875
4,79245.34117078781,192000,708.4559679276036
5,79249.65058994293,190000,744.1423987966679
9,79279.48862481117,185000,735.4704891857828
8,79287.26505064964,191000,729.160079502179
3,79324.65665555,191000,723.7677023635378
7,79344.88187789917,127000,-21.203200198795606
0,79347.18491268158,186000,687.6508864178526
1,79373.3461856842,193000,725.3635388928976
2,79375.6276242733,187000,733.9130687615681
4,79384.6015059948,193000,710.9639527758841
5,79388.12109947205,191000,753.339046548173
9,79414.60059976578,186000,741.6707061314355
8,79421.93394255638,192000,728.0432855492431
3,79460.11689949036,192000,735.5083998649766
0,79498.73708081245,187000,691.5030224193623
2,79510.08990597725,188000,734.0747255959341
1,79516.59910082817,194000,726.1414922894758
4,79522.72384166718,194000,717.871009739869
5,79527.86098837852,192000,754.945635582001
9,79550.44717669487,187000,739.84470255526
8,79559.18201303482,193000,720.6107485559611
7,79566.99757838249,128000,-21.199374273018158
3,79594.99576473236,193000,740.817599193667
2,79646.19609284401,189000,725.2666575706945
0,79649.89430642128,188000,690.4422860510334
1,79661.28558731079,195000,729.1434884836182
4,79661.62708711624,195000,709.8559154507639
5,79666.79698395729,193000,759.8352811505282
9,79685.43133711815,188000,738.6326456519663
8,79694.75688433647,194000,720.7448093810451
3,79729.43950557709,194000,742.9634385623191
2,79780.60263180733,190000,734.2616584811166
7,79786.56089425087,129000,-21.23428257149865
0,79795.40370225906,189000,685.7667446109108
4,79800.67353415489,196000,707.8764395959641
1,79801.8056294918,196000,731.8442536306231
5,79805.02181386948,194000,761.3732753988401
9,79820.06267857552,189000,742.2536801803492
8,79831.65476989746,195000,721.8463166240507
3,79863.95369362831,195000,738.366988286067
2,79914.08788013458,191000,740.9299068666583
4,79937.9708878994,197000,719.7397342347226
1,79940.25572347641,197000,734.5099251730319
5,79943.79172611237,195000,759.3419200326653
0,79947.10232973099,190000,679.7999208564958
9,79955.93845653534,190000,733.7298768758405
8,79966.46460103989,196000,725.5139039869459
3,79999.15316081047,196000,739.6819142727811
7,80009.92421579361,130000,-21.226947800367718
2,80048.5098028183,192000,734.6839728680551
4,80075.91085267067,198000,721.9697610304504
1,80081.83835029602,198000,733.7968118192707
5,80083.95086598396,196000,749.8561850521244
9,80091.02452492714,191000,736.7683017221276
0,80092.9358124733,191000,677.5021704102593
8,80102.00979590416,197000,732.0869911853092
3,80132.40410876274,197000,746.2723705613846
2,80182.56627702713,193000,735.9445284762452
4,80214.43538451195,199000,712.45868880001
1,80222.42718553543,199000,736.8848629617605
5,80223.57632184029,197000,753.3023845476799
9,80226.80324363708,192000,731.3086406895009
7,80230.12679958344,131000,-21.162245828108226
8,80236.28312563896,198000,732.1710599954492
0,80237.75035595894,192000,674.2309918830613
3,80266.27292323112,198000,745.7975255007485
2,80315.81813812256,194000,741.6535904682192
9,80361.6237642765,193000,737.7728237327701
5,80362.13745450974,198000,758.7930492092024
8,80372.12151551247,199000,729.3812938046968
0,80385.14187002182,193000,675.077982666521
3,80400.20048379898,199000,745.2667801567758
2,80449.14513421059,195000,740.1511376810064
7,80452.68326330185,132000,-21.123097194482654
9,80496.00102615356,194000,737.4863841653346
5,80501.20184588432,199000,753.5090562001744
0,80536.29445743561,194000,674.8972034449746
2,80581.31328773499,196000,739.2961506217381
9,80629.58433771133,195000,740.8762952071882
7,80669.13748764992,133000,-21.181458916528094
0,80686.38856911659,195000,671.0258120473867
2,80710.8686196804,197000,739.2540893829213
9,80762.67256331444,196000,732.7117564753031
0,80831.21307563782,196000,680.2090419563033
2,80840.25810337067,198000,736.6712593758472
7,80884.14720249176,134000,-21.174092746574953
9,80891.75353002548,197000,744.7982781400336
2,80971.82703828812,199000,744.740452408513
0,80973.68232750893,197000,679.5646152207235
9,81022.58113050461,198000,741.0003417306841
7,81097.06877613068,135000,-21.182231878556024
0,81113.75907230377,198000,684.8258758814309
9,81153.26231312752,199000,744.4780671505779
0,81250.41991877556,199000,678.8671622023862
7,81311.64514327049,136000,-21.207024322310716
7,81524.72922849655,137000,-21.191567035074996
7,81738.67460250854,138000,-21.204112061942755
7,81949.1749548912,139000,-21.215370858642537
7,82168.89163255692,140000,-21.23338294220842
7,82383.38954281807,141000,-21.17187392090432
7,82595.49084067345,142000,-21.191594341386725
7,82805.31932854652,143000,-21.216508757661227
7,83017.62859559059,144000,-21.204477509582105
7,83227.40687012672,145000,-21.224790173202475
7,83440.14191007614,146000,-21.190758846450084
7,83652.81473279,147000,-21.21317573327386
7,83867.4595746994,148000,-21.19358403607036
7,84082.74595427513,149000,-21.224755508466696
7,84306.36865210533,150000,-21.196968412429733
7,84516.31935286522,151000,-21.205656909197252
7,84729.10308527946,152000,-21.148875170620837
7,84939.32169032097,153000,-21.204258019160584
7,85151.46162223816,154000,-21.18061208672396
7,85361.27455472946,155000,-21.160415429851227
7,85573.9929356575,156000,-21.217214536081297
7,85784.01335334778,157000,-21.155811615081312
7,85996.3145365715,158000,-21.197070768657657
7,86206.24780702591,159000,-21.202600721757317
7,86418.93032097816,160000,-21.182923863336658
7,86628.836769104,161000,-21.23626929736583
7,86842.27465605736,162000,-21.168559910024648
7,87052.23695135117,163000,-21.183461399303336
7,87264.77533769608,164000,-21.16926848663258
7,87474.6034450531,165000,-21.194058162968656
7,87687.01916909218,166000,-21.197771240201078
7,87896.89481830597,167000,-21.16832297841869
7,88109.73062229156,168000,-21.200451120473446
7,88319.66875529289,169000,-21.18421765293852
7,88535.05048918724,170000,-21.136005254155492
7,88744.91784739494,171000,-21.17326269463079
7,88957.24343442917,172000,-21.180508169319925
7,89167.25217223167,173000,-21.182601076702642
7,89380.68091893196,174000,-21.16536818200223
7,89590.72820329666,175000,-21.155735424039154
7,89802.87920045853,176000,-21.172469967265727
7,90012.66078662872,177000,-21.170575450076942
7,90224.64859843254,178000,-21.19137987791428
7,90434.71690773964,179000,-21.166186507201306
7,90648.54405760765,180000,-21.190219361679898
7,90858.50030016899,181000,-21.170037612520222
7,91070.94280743599,182000,-21.223465314903407
7,91280.82746720314,183000,-21.157454260696174
7,91493.05119609833,184000,-21.166930138203274
7,91702.7831735611,185000,-21.174308595104776
7,91915.03474068642,186000,-21.149300347404676
7,92124.98750066757,187000,-21.14854943225869
7,92337.4542324543,188000,-21.188753876829047
7,92547.50633788109,189000,-21.261324095726195
7,92762.1321823597,190000,-21.163329875401693
7,92972.00958561897,191000,-21.12654197746276
7,93184.2083272934,192000,-21.185500162298748
7,93394.18684577942,193000,-21.134825822497934
7,93606.43877339363,194000,-21.151262369371516
7,93816.13990688324,195000,-21.191979782480853
7,94028.51011300087,196000,-21.15641799680021
7,94238.4063796997,197000,-21.146278073723874
7,94450.52845525742,198000,-21.134860892184413
7,94660.46768784523,199000,-21.165566933986934
