Seed,Time,Episode,Reward
1,0.38365936279296875,0,-31.70924074855131
8,0.6208956241607666,0,-32.258742715226944
2,1.0190744400024414,0,-32.46236207452049
3,1.0235047340393066,0,-19.85613929510511
9,1.0381038188934326,0,-33.65365703003124
6,1.0674526691436768,0,-27.453490421681547
7,1.1765632629394531,0,-27.349253750550467
5,1.2360761165618896,0,-27.01507145651075
0,1.2739250659942627,0,-28.68971146655421
4,1.5090868473052979,0,-25.764785271971036
2,711.4029543399811,1000,592.660859533276
1,750.8376462459564,1000,499.38407882312737
5,774.1415643692017,1000,490.0210733057862
0,795.4295608997345,1000,457.2842256050572
3,803.7206671237946,1000,427.21849849765493
8,811.7847287654877,1000,422.30893798958436
6,812.1801085472107,1000,422.6707824744693
9,814.8573229312897,1000,407.390575315506
7,818.1074576377869,1000,429.10851087709847
4,897.708503484726,1000,255.2524962978037
2,1309.2361035346985,2000,762.5211184615728
1,1337.1300036907196,2000,745.0807672201664
5,1395.482052564621,2000,731.2195932727285
7,1439.9236571788788,2000,719.9245605214893
9,1459.4955039024353,2000,693.9484369889059
3,1462.6333782672882,2000,651.8820635308565
0,1483.9758350849152,2000,649.388869810547
6,1497.3577735424042,2000,615.99376519602
8,1505.9347298145294,2000,612.6595606819803
4,1515.8222286701202,2000,716.9990772144056
2,1876.6276926994324,3000,804.3372490078563
1,1934.2193269729614,3000,769.5289591025121
5,2002.2035908699036,3000,770.262583930962
3,2025.8780272006989,3000,794.3056514021315
7,2044.475867509842,3000,727.1532021469121
9,2071.673155069351,3000,749.3781039099218
0,2119.48841381073,3000,679.8432646618178
4,2134.7068903446198,3000,759.7070516364681
6,2140.6865770816803,3000,725.0318382169388
8,2177.4468936920166,3000,666.7468597595259
2,2461.134945869446,4000,806.9824056007442
1,2539.67298746109,4000,788.8185180983396
5,2602.2337074279785,4000,767.6652789082408
3,2638.3880727291107,4000,765.2602945470368
9,2643.1436519622803,4000,789.4404647835066
7,2655.154972553253,4000,746.497325662414
4,2727.357631921768,4000,788.2096021176048
0,2731.8912057876587,4000,756.3291465341179
6,2787.7449667453766,4000,696.694072503858
8,2789.3854324817657,4000,731.5132087890208
2,3051.1683897972107,5000,805.2865858070362
1,3136.799380302429,5000,799.3696764756326
5,3207.9947638511658,5000,742.5887514940702
9,3230.852102279663,5000,788.9455460185205
3,3259.1461668014526,5000,730.0487457520826
7,3296.8503184318542,5000,728.7313716764017
4,3308.922414779663,5000,805.2459017632261
0,3355.1402401924133,5000,743.7071878706793
8,3408.206168651581,5000,735.0650166940702
6,3415.5666947364807,5000,756.8212956273957
2,3624.6985297203064,6000,812.6512498662837
1,3698.749536752701,6000,812.6774812530955
9,3802.749942779541,6000,802.4600931256399
3,3835.754988193512,6000,797.5123364647028
5,3839.484935760498,6000,688.2348937024817
4,3852.336284160614,6000,796.8678655320538
7,3892.604652404785,6000,752.8838045945408
0,3955.792789697647,6000,780.8195986893123
6,3990.6438553333282,6000,780.4651709161433
8,3997.928370475769,6000,738.1792008278715
2,4141.968482732773,7000,817.1013698858718
1,4282.230603456497,7000,802.0129378506389
9,4350.445698976517,7000,806.2062695903439
3,4388.465177536011,7000,808.8477633715167
4,4415.7429049015045,7000,808.8474395762729
7,4426.003135919571,7000,792.6802687375088
5,4440.3545780181885,7000,728.6532257126631
0,4552.545302391052,7000,755.4980585921846
8,4557.857038974762,7000,777.8394136430294
6,4575.678245067596,7000,785.4618693930273
2,4703.862292289734,8000,819.3265808197237
1,4859.4013929367065,8000,767.8263748950087
9,4928.693616867065,8000,810.1116381845205
4,4978.522952795029,8000,819.8145167590981
3,4979.0221836566925,8000,805.2336352229871
7,5013.986842870712,8000,791.0201159117928
5,5055.361453533173,8000,754.3369260360068
8,5133.205940008163,8000,796.925764636786
0,5141.975867271423,8000,764.8909840537845
6,5187.99934720993,8000,776.9970732361022
2,5259.522401332855,9000,823.0906092390777
1,5444.119078636169,9000,777.4004705128862
9,5490.644211292267,9000,816.3506107147674
3,5544.620330095291,9000,808.5280735754778
4,5548.401572227478,9000,819.3439276180974
7,5626.004536628723,9000,767.2684739430438
5,5697.561443567276,9000,709.2064362522312
8,5731.5905854702,9000,786.0841582676857
0,5743.800736904144,9000,790.4044631524681
6,5786.700479984283,9000,786.9284390998712
2,5820.034730672836,10000,824.2706651692382
1,6043.770285606384,10000,772.9596678675011
9,6051.692575931549,10000,821.1386849879306
3,6107.055220603943,10000,814.214255291856
4,6110.934783697128,10000,820.1980713648151
7,6217.435797929764,10000,791.6705888817861
8,6296.677139759064,10000,794.0328617515025
0,6315.002129793167,10000,792.6814417175849
5,6338.031157255173,10000,703.5397686831025
6,6359.993814706802,10000,774.9471084648513
2,6370.0675847530365,11000,822.2017136760606
9,6597.408470153809,11000,819.4829642672302
1,6615.481366157532,11000,799.9081234080583
3,6649.1597311496735,11000,821.066331172158
4,6652.711320400238,11000,822.0607970482021
7,6793.464753866196,11000,795.821949461267
8,6863.105102062225,11000,805.442562398358
0,6896.623859405518,11000,811.5169701487004
6,6928.154134511948,11000,798.1212111727261
5,6947.916918992996,11000,733.0812937879724
2,6948.443332195282,12000,823.0338441949946
9,7137.880140781403,12000,821.6174518405923
3,7189.529050350189,12000,821.9276232944435
1,7209.826005458832,12000,808.4646360416757
4,7241.596110343933,12000,820.0275587433412
7,7365.6226189136505,12000,811.9525540515233
8,7432.485181093216,12000,810.3141360321963
0,7462.254178524017,12000,811.1438454757605
6,7491.425063610077,12000,810.5047895679943
2,7519.966870307922,13000,822.779518796795
5,7531.179078102112,12000,758.5580854500939
9,7687.651319503784,13000,825.1945651423471
3,7749.838885068893,13000,825.0560132378358
1,7776.033352136612,13000,813.8795015482166
4,7807.169628858566,13000,801.1340447896677
7,7922.445196628571,13000,813.5710002992354
8,7998.729574680328,13000,811.5989128018316
0,8031.247885465622,13000,812.7667774399949
6,8048.679372787476,13000,814.998841102766
2,8075.192994594574,14000,814.3721886105088
5,8112.531065940857,13000,811.2709780103398
9,8246.511367559433,14000,825.9370587223048
3,8321.67438364029,14000,823.0162544661255
1,8350.66506266594,14000,818.4587963112695
4,8377.356418132782,14000,798.636731059383
7,8508.146047115326,14000,809.2122099000492
8,8554.775540590286,14000,812.155415978889
0,8583.868584394455,14000,804.1988182880482
6,8622.750495433807,14000,820.9784046176018
2,8633.357043981552,15000,817.1812941089346
5,8693.690073013306,14000,819.9704429794256
9,8813.091901540756,15000,826.6688572461219
3,8864.34944820404,15000,824.0928187426341
1,8902.93960928917,15000,817.6742301390613
4,8930.95692062378,15000,819.9485780021726
7,9059.836875915527,15000,808.8417330598163
8,9113.146280050278,15000,807.7827324848906
0,9144.842413902283,15000,771.9798629769897
6,9180.386173009872,15000,824.1528675969392
2,9193.671445608139,16000,822.0974652873201
5,9239.070949077606,15000,821.4247304660292
9,9369.364344596863,16000,824.6106065179841
3,9404.65376830101,16000,826.7892485851482
1,9482.174089670181,16000,814.8570489010259
4,9500.002799272537,16000,820.075513056722
7,9637.490472078323,16000,800.9760097832773
8,9678.064322948456,16000,807.27432243635
0,9730.643570184708,16000,783.9787258967041
2,9740.29157114029,17000,824.8616043240186
6,9741.548642158508,16000,826.5466635198934
5,9796.599983930588,16000,822.0342312775742
9,9916.256869316101,17000,826.9952716226437
3,9949.950393676758,17000,827.7957629193756
1,10059.517832279205,17000,814.4460620982959
4,10087.352266073227,17000,799.2817475867653
7,10213.36989402771,17000,799.7597671598998
8,10231.611006498337,17000,813.2352561777142
6,10278.842225790024,17000,827.1444535428648
0,10285.849492549896,17000,812.9680463508587
2,10301.871301651001,18000,826.324539154618
5,10352.23467540741,17000,821.5608598799627
9,10487.063700437546,18000,824.7328521533724
3,10492.433949232101,18000,826.1424507482711
1,10646.665498495102,18000,819.8733096796344
4,10679.388151407242,18000,789.9851365810455
7,10788.193063020706,18000,806.2859182089361
8,10793.327289104462,18000,816.679823645157
6,10824.219177007675,18000,826.6298306617764
0,10863.10853099823,18000,817.3126959179494
2,10880.04566693306,19000,826.2695667203692
5,10908.78778719902,18000,820.9264917444159
9,11036.642986059189,19000,825.1705960876368
3,11064.975971221924,19000,822.1991575718451
1,11216.126409769058,19000,817.6454262616458
4,11256.522648096085,19000,799.1900164477457
8,11336.292559623718,19000,813.3588059153193
7,11357.056747436523,19000,816.7117916369193
6,11383.775667905807,19000,827.2808963829079
0,11415.582169055939,19000,818.5896958920767
2,11448.502291440964,20000,827.5158760296717
5,11464.906694889069,19000,823.6459780973095
9,11591.177257061005,20000,825.9651958963841
3,11631.20738196373,20000,819.8773179247669
1,11762.897910356522,20000,819.8392152504024
4,11814.069013118744,20000,807.4544472307772
8,11886.780738830566,20000,816.5063483266551
7,11922.2296230793,20000,819.995550139519
6,11934.41631603241,20000,829.0321587309078
0,11973.585664749146,20000,820.6072002678479
2,11996.931105613708,21000,829.7791782574892
5,12007.333113193512,20000,821.977493527805
9,12137.5561337471,21000,824.1612144642038
3,12195.774804592133,21000,825.5406776944626
1,12303.310117721558,21000,815.102580812719
4,12390.596599817276,21000,811.9341802357757
8,12447.753181934357,21000,817.4259493522491
7,12472.727675437927,21000,813.7620150044033
6,12487.965804338455,21000,827.4077302628863
0,12539.396534919739,21000,817.9366465154028
2,12545.7281396389,22000,828.732241894636
5,12577.55187177658,21000,821.3486925790461
9,12683.396938085556,22000,826.6558341790843
3,12753.362205982208,22000,824.8455816591281
1,12874.911846876144,22000,815.2347696991267
4,12967.372968196869,22000,825.8584395877297
8,13003.320109844208,22000,815.7714638689012
7,13019.727603673935,22000,817.3138390655497
6,13061.968950033188,22000,826.9630469089914
0,13087.508460760117,22000,825.6500517747968
2,13090.929907560349,23000,827.0010255067447
5,13144.567774295807,22000,820.3530531058258
9,13245.086201429367,23000,826.2022345669557
3,13312.919008255005,23000,827.912686875964
1,13402.839969396591,23000,815.3821887953687
4,13495.682044506073,23000,827.0125313351773
8,13570.317883729935,23000,817.7626883010968
7,13576.957652807236,23000,824.230049578067
6,13618.445175409317,23000,826.269449278929
2,13631.698950529099,24000,828.4852604959758
0,13653.44050002098,23000,821.279486127963
5,13706.473243951797,23000,817.8878778200077
9,13785.822688102722,24000,828.2571946195155
3,13869.713303804398,24000,828.5496252916414
1,13956.50613117218,24000,819.4061663981063
4,14041.642980575562,24000,828.3594372917149
8,14128.914417266846,24000,822.1960863489388
7,14141.080429553986,24000,823.5153674122085
2,14173.011593341827,25000,827.9152574043367
6,14179.987084388733,24000,827.2498195657373
0,14203.659591674805,24000,826.4420802348676
5,14258.029196977615,24000,821.0687368690164
9,14340.308673620224,25000,826.5441767723095
3,14421.486299276352,25000,827.0168555079035
1,14502.878440141678,25000,820.8770739968719
4,14579.89690732956,25000,831.860398521931
7,14677.982563257217,25000,820.871114276364
8,14682.298069000244,25000,820.2636585421233
2,14722.763315916061,26000,827.017101984738
6,14729.429834127426,25000,825.208091382006
0,14753.139461755753,25000,825.1150247338649
5,14803.125747680664,25000,825.6356017506906
9,14880.14643406868,26000,826.6561267872596
3,14973.479539632797,26000,823.8804229545052
1,15047.650661468506,26000,822.6365733461638
4,15121.170635461807,26000,829.6833615670486
7,15243.012053251266,26000,818.3620741920048
8,15246.902341365814,26000,822.9474139015744
2,15284.275846242905,27000,826.5023360161332
6,15288.30217909813,26000,825.1151200486086
0,15315.475754499435,26000,823.76937078187
5,15366.445221662521,26000,824.9328794637565
9,15433.957859277725,27000,826.8057570868552
3,15540.739846944809,27000,827.1505504492691
1,15614.703509569168,27000,821.5664106432365
4,15671.806034088135,27000,831.975360121598
7,15799.493136167526,27000,823.3320775827015
8,15820.574469327927,27000,823.8557087133646
6,15840.428177118301,27000,825.6541499570138
2,15847.182277679443,28000,826.8255627735142
0,15900.703264713287,27000,829.4924037867186
5,15922.483839988708,27000,825.2847276018978
9,15987.753527641296,28000,826.3341055081139
3,16089.294663667679,28000,823.7358585337664
1,16166.640271425247,28000,823.9755113637068
4,16232.290454149246,28000,832.6879292075691
7,16359.70818066597,28000,823.1931405951699
8,16371.634148836136,28000,827.0047880947902
2,16386.722874403,29000,827.8515764068172
6,16390.988725423813,28000,825.5291607910716
0,16440.15031194687,28000,830.6410339038994
5,16462.19249534607,28000,826.1767673018867
9,16544.904029369354,29000,826.4466229994232
3,16632.793234586716,29000,827.0013176560344
1,16730.243870019913,29000,824.311716065167
4,16787.544456243515,29000,827.7844815311205
8,16919.902497053146,29000,824.4180683526064
7,16926.874213695526,29000,823.0973901597457
6,16937.681953430176,29000,822.7253732714333
2,16944.128005743027,30000,827.0621375890353
0,16990.147869825363,29000,828.5076372821198
5,17009.903962612152,29000,826.1379960177675
9,17104.281732082367,30000,828.3266065280569
3,17184.309735298157,30000,829.5490647321939
1,17264.831325292587,30000,828.3464913400264
4,17334.90736556053,30000,828.3420964029028
6,17475.016984462738,30000,825.5307292044398
8,17483.375085115433,30000,824.0358988775937
7,17485.396532058716,30000,825.0341301319717
2,17498.665610313416,31000,827.0333512782518
0,17533.477997779846,30000,829.2165351195025
5,17562.661203861237,30000,827.4857452855396
9,17646.43277335167,31000,828.2177813564265
3,17738.913144111633,31000,829.9163749017484
1,17818.04608988762,31000,829.2004231567495
4,17892.463636875153,31000,829.5421588147643
8,18038.115418434143,31000,823.5995772226447
7,18039.700312376022,31000,822.9602691228846
6,18041.96753025055,31000,824.1737688021653
2,18047.892791748047,32000,827.1021891487212
0,18086.640709638596,31000,828.7659030909936
5,18118.585619211197,31000,827.1993103613913
9,18203.256307840347,32000,829.1616344493899
3,18292.2982506752,32000,830.5152116423504
1,18378.01907324791,32000,829.1228890308913
4,18442.344487667084,32000,830.8525059246944
8,18588.846544504166,32000,824.0002575166502
6,18592.99591064453,32000,824.9846538126515
7,18599.343687057495,32000,823.3850889847289
2,18607.000186920166,33000,827.0968882442796
0,18626.80252480507,32000,828.9532111509565
5,18685.47797346115,32000,827.2963732941699
9,18742.25778388977,33000,827.8079937578709
3,18825.4502120018,33000,832.0246912642588
1,18917.896342754364,33000,829.96310290818
4,18991.15602183342,33000,827.4596482301929
2,19142.444923877716,34000,828.0425684087048
6,19143.61461019516,33000,826.4228993460424
8,19145.11546421051,33000,822.3356035533722
7,19165.2634806633,33000,820.9371959861629
0,19180.983464956284,33000,831.3995417124988
5,19248.14657640457,33000,826.7392846910421
9,19320.81040072441,34000,828.124922190344
3,19393.945303201675,34000,831.4700438626695
1,19469.15412545204,34000,829.038586223533
4,19546.92498898506,34000,825.6367873303476
2,19690.261043787003,35000,828.8953907410822
8,19694.199691534042,34000,821.9557629368375
6,19712.664261102676,34000,826.6881850016139
7,19714.955923318863,34000,817.5463272638677
0,19739.460584640503,34000,830.3780700076425
5,19790.013693094254,34000,826.7504470615261
9,19867.244364738464,35000,828.7498062670434
3,19933.49259543419,35000,830.7322197293269
1,20000.85115790367,35000,830.7839566985353
4,20097.42808485031,35000,828.7888006805507
8,20233.99481368065,35000,822.8432575282127
2,20240.050995111465,36000,827.1316931868575
6,20272.57374048233,35000,826.5515799672489
7,20282.142150878906,35000,811.9132031614018
0,20286.863607406616,35000,830.1381724216619
5,20326.045971393585,35000,825.5094708700367
9,20422.345500946045,36000,828.4073671153255
3,20485.57381772995,36000,831.2283778879623
1,20545.67978620529,36000,829.3893291825186
4,20676.59170103073,36000,831.015750481897
8,20788.289709568024,36000,823.9790760095893
2,20808.371919631958,37000,826.935875304202
0,20826.755643844604,36000,830.1505328628392
6,20828.173260450363,36000,826.3143265126653
7,20859.609943389893,36000,801.9671677920466
5,20867.08157801628,36000,826.5154964871432
9,20977.92912864685,37000,828.1536439152258
3,21059.11466407776,37000,831.2013866321288
1,21109.103324890137,37000,830.7255871549364
4,21215.38737630844,37000,832.5425590520651
8,21335.860847234726,37000,826.1020069894106
2,21372.24907398224,38000,828.4912207048093
6,21382.964220523834,37000,828.5670164422078
0,21390.995286226273,37000,831.0245481209585
5,21406.983516693115,37000,827.4574369684229
7,21427.13748073578,37000,806.6408399683924
9,21544.295884370804,38000,828.3544896812559
3,21613.647985696793,38000,831.2484308728272
1,21655.521817922592,38000,831.3275918882787
4,21759.065028190613,38000,832.2324420131404
8,21891.125159978867,38000,825.1621440474402
2,21935.522549152374,39000,828.6931891284777
6,21944.372868537903,38000,826.1212112710057
0,21948.508586883545,38000,830.6081488274972
5,21959.528343200684,38000,826.8954373919221
7,21990.68930363655,38000,818.2932406349133
9,22094.111867904663,39000,828.7591150786945
3,22173.179039478302,39000,831.4567066349456
1,22199.633034706116,39000,830.9889809757864
4,22322.96160030365,39000,832.1183710645663
8,22438.814761161804,39000,824.6702159757714
6,22477.089071512222,39000,829.1243313948821
2,22494.420009613037,40000,827.1608351586959
0,22501.112557649612,39000,830.9687113783102
5,22504.879158973694,39000,827.6425090975881
7,22557.139986276627,39000,814.3096642576547
9,22643.062158346176,40000,828.3044357428068
3,22712.117969036102,40000,831.2924091676452
1,22720.04528093338,40000,830.8084400288961
4,22850.182574510574,40000,833.0784940468975
8,22976.238055944443,40000,827.7967554645151
6,23026.838267087936,40000,828.7164594341183
2,23038.783667564392,41000,826.6450883362759
5,23043.020819664,40000,826.1184058961716
0,23049.925590276718,40000,828.2158271384623
7,23097.3131108284,40000,804.7464989233725
9,23205.732309103012,41000,827.9594079961524
3,23244.82554936409,41000,826.6392076221297
1,23260.290998220444,41000,830.8903976864331
4,23424.618906974792,41000,833.8018615760825
8,23512.90640449524,41000,826.3725096845776
5,23584.214748620987,41000,828.9205118868101
6,23584.78420639038,41000,829.5853106303326
2,23603.322961091995,42000,828.8515787830534
0,23611.631541490555,41000,823.9628221083937
7,23660.38982105255,41000,817.6335483907638
9,23767.45484852791,42000,827.5764792096841
3,23782.46575331688,42000,823.885423699188
1,23806.63619041443,42000,831.3205542223448
4,23960.396046876907,42000,833.5721316059526
8,24057.304565429688,42000,827.2585512111115
5,24133.92946410179,42000,827.3851223468522
6,24137.686505317688,42000,829.1887545083524
2,24167.614930152893,43000,827.6779175104587
0,24172.798516511917,42000,831.833292098045
7,24203.601753473282,42000,816.1395024404385
3,24327.104084968567,43000,831.7507493338159
9,24330.694821357727,43000,828.773227459587
1,24353.27603673935,43000,832.4015142942584
4,24497.748852968216,43000,833.4895182311852
8,24615.14729642868,43000,827.4342591508015
5,24683.656575202942,43000,827.440838665366
6,24691.914875745773,43000,828.6392813610232
0,24725.085776090622,43000,829.438413908653
2,24729.15837788582,44000,827.2482855193837
7,24747.487034082413,43000,817.9440075716458
9,24872.904428243637,44000,827.8953069319194
3,24889.22755050659,44000,832.1581900858416
1,24912.170060396194,44000,830.3989759695435
4,25053.471302747726,44000,833.674385344111
8,25161.25535273552,44000,827.2333896673297
5,25223.52063727379,44000,827.0242386679395
6,25228.156804800034,44000,829.0657072030027
0,25273.44264936447,44000,833.596467725739
2,25281.54713153839,45000,827.8653699884522
7,25308.591658353806,44000,820.4809851605738
9,25430.830335855484,45000,828.1348261607235
3,25439.06179356575,45000,833.1726275596296
1,25459.37406539917,45000,829.3086265390243
4,25596.77929854393,45000,834.741649867009
8,25680.70846414566,45000,825.7904159687745
5,25750.40545129776,45000,826.120363395131
6,25782.36427640915,45000,828.9952898386249
0,25817.20050907135,45000,831.8062788808071
2,25840.89114689827,46000,829.2498725229299
7,25886.399909496307,45000,814.7556543970393
9,25965.634792804718,46000,826.8131110312439
3,25977.917731761932,46000,827.368966880608
1,26000.05378651619,46000,831.0156295422591
4,26137.498495817184,46000,834.5040904600551
8,26238.33813071251,46000,827.4006472005764
5,26299.524664402008,46000,826.830947976285
6,26342.309330701828,46000,826.8552272206899
0,26373.546944141388,46000,833.3860393287067
2,26384.898470640182,47000,827.3463689309846
7,26435.65953373909,46000,820.5103897151986
9,26524.125450611115,47000,828.1047885522263
3,26527.400089263916,47000,834.1071481335272
1,26567.39353299141,47000,831.1203886138811
4,26670.827192783356,47000,833.8689982413799
8,26792.915267944336,47000,826.7793070771778
6,26864.765318393707,47000,828.968170748335
5,26884.56643629074,47000,823.8742001524722
0,26934.516992092133,47000,836.3832168942662
2,26950.72070622444,48000,829.3357045676728
7,27000.78458738327,47000,817.8703942513023
9,27084.723657608032,48000,828.8460467464251
3,27087.678278446198,48000,834.9230446618753
1,27114.973853349686,48000,829.382192794549
4,27228.822074651718,48000,834.5494262010362
8,27340.44696211815,48000,823.5826845040958
6,27415.81267142296,48000,828.5256583351465
5,27435.107282161713,48000,823.688829755743
0,27476.58636856079,48000,834.2998655315986
2,27520.76031947136,49000,824.2770256798268
7,27552.60977602005,48000,821.7010726070665
3,27625.55100941658,49000,833.6343324736148
9,27631.450899124146,49000,827.8293575997782
1,27669.634804964066,49000,828.8998465123516
4,27770.448904037476,49000,832.5140040039261
8,27900.495173931122,49000,824.2879603692693
6,27965.801403045654,49000,828.8525678561301
5,28003.49776506424,49000,825.1861862175624
0,28008.901624917984,49000,835.0723116322838
2,28066.998964309692,50000,825.5617034497953
7,28118.676621437073,49000,823.3476262030631
3,28167.099362134933,50000,835.211603115017
9,28179.575962543488,50000,828.6293789040415
1,28196.745366811752,50000,829.4364162357289
4,28293.555607318878,50000,833.7448085051172
8,28453.494212388992,50000,821.1304882912345
6,28492.39012312889,50000,828.5243756699532
0,28551.617208480835,50000,833.6173756297046
5,28553.303589105606,50000,822.7364922159239
2,28622.81791472435,51000,827.8281915003802
7,28681.058799505234,50000,819.3011002623622
3,28724.801543474197,51000,834.4298301316242
9,28726.262343406677,51000,826.9846556576103
1,28746.248403072357,51000,828.1834238389285
4,28822.66889476776,51000,834.2347606239827
8,28993.388013362885,51000,824.6558894193624
6,29059.259554862976,51000,829.1264621042732
0,29106.466703414917,51000,836.3278708414084
5,29107.965528726578,51000,818.530895823612
2,29179.869374752045,52000,822.4581994441253
7,29248.00063920021,51000,820.4940899608146
9,29270.20518231392,52000,828.7914788904557
3,29271.011011123657,52000,834.4723388232795
1,29300.964166402817,52000,830.2620267803276
4,29365.123950719833,52000,833.8545856476519
8,29537.674664258957,52000,824.4870608148369
6,29628.79632282257,52000,830.1865238703363
5,29656.684047460556,52000,821.1082504232684
0,29661.65972185135,52000,837.025330690134
2,29724.590690374374,53000,825.4525152918546
9,29814.5402636528,53000,828.6638303611873
7,29821.34825181961,52000,817.6927335700339
3,29827.682118415833,53000,833.5391756586515
1,29864.38358449936,53000,829.8774782974048
4,29932.564639806747,53000,835.8764343971715
8,30103.282405138016,53000,825.0780513159565
6,30204.905190706253,53000,830.0831014205899
5,30211.827625989914,53000,821.2809162759381
0,30216.97649216652,53000,835.303293834167
2,30274.12369799614,54000,827.1843121080309
3,30362.467799425125,54000,835.9949203740192
9,30365.74357032776,54000,829.182181806819
7,30390.706178188324,53000,815.6190812590224
1,30412.789074897766,54000,830.4020928351873
4,30471.205223560333,54000,836.1852668617416
8,30649.61375427246,54000,824.7773779055042
6,30729.719753742218,54000,830.6019107850627
0,30764.945731401443,54000,835.7604813232956
5,30769.72380232811,54000,823.2482171137449
2,30829.902396678925,55000,830.6747242379739
9,30911.269184827805,55000,828.0160505974192
3,30920.98339676857,55000,835.1694020021428
7,30960.46442770958,54000,819.0260966724447
1,30960.790061712265,55000,831.061001350859
4,31018.19599366188,55000,834.5548572953189
8,31192.60151696205,55000,827.2708005189135
6,31288.164479970932,55000,828.8027039350546
5,31295.630861997604,55000,823.0648531654383
0,31323.91832637787,55000,835.5785582011039
2,31373.67276787758,56000,829.0581596462476
9,31460.91926431656,56000,828.3333361913101
3,31462.60425543785,56000,835.2949605156375
7,31514.754449367523,55000,820.5749224985979
1,31534.87204194069,56000,829.6368326968934
4,31559.049142360687,56000,833.89079699147
8,31746.422557115555,56000,828.1014089892032
5,31844.494966983795,56000,826.0790405361228
6,31857.091316223145,56000,829.2119174804636
0,31873.407854795456,56000,835.2643852520781
2,31937.459943294525,57000,828.387470410963
3,31996.23403286934,57000,834.9058533776293
9,32008.900686502457,57000,828.7483380362545
7,32082.09001350403,56000,817.9799256154585
1,32091.2460129261,57000,832.1387625164925
4,32096.184908628464,57000,834.6198308473736
8,32304.45249438286,57000,825.3782041320362
5,32396.79864215851,57000,827.5131599012138
6,32422.119758605957,57000,829.7089969877198
0,32425.71946668625,57000,835.9105906804807
2,32486.873710393906,58000,830.3768691784802
3,32543.626535892487,58000,834.5810150292893
9,32561.921587705612,58000,829.8878876358217
1,32638.123408794403,58000,831.2277495546797
7,32640.627718925476,57000,818.2132191074132
4,32650.5594060421,58000,835.0257597828419
8,32864.09226346016,58000,825.3985195269688
5,32959.026489019394,58000,825.7540425821951
6,32978.335087537766,58000,830.2706376442837
0,32978.523876190186,58000,835.5118620370503
2,33053.51196217537,59000,829.4062216230739
3,33081.55690217018,59000,835.0047539407635
9,33095.141471624374,59000,829.0059669240143
1,33187.960871219635,59000,831.1705401314098
7,33205.691612005234,58000,817.516151592037
4,33216.71433854103,59000,835.5543348890612
8,33390.90040588379,59000,827.8897308874352
5,33496.52210855484,59000,829.6730652810411
0,33503.7854347229,59000,834.9052851775413
6,33536.24681901932,59000,829.9098314764514
2,33589.60150885582,60000,830.1714624878523
3,33619.58307480812,60000,834.5547774709433
9,33631.33644914627,60000,829.4387147342414
1,33705.042263269424,60000,831.2476887953061
7,33744.4859251976,59000,820.4267842762164
4,33759.23573923111,60000,836.3911470289132
8,33920.34567403793,60000,827.1228030563876
0,34037.31792855263,60000,834.9764937006
5,34041.941801309586,60000,829.4191002727757
6,34080.18316864967,60000,828.7145116439946
2,34144.718423604965,61000,829.5713488589854
3,34175.14382481575,61000,836.9655010212598
9,34177.63626432419,61000,829.1163029955851
1,34258.82565379143,61000,830.888343504941
7,34298.492225170135,60000,821.8132989125154
4,34314.06329202652,61000,836.0743294861509
8,34488.14320230484,61000,825.5330112214875
0,34612.844312906265,61000,835.7509391602581
5,34618.91979980469,61000,827.1223393955656
6,34650.309790849686,61000,830.1077756135227
2,34692.33992147446,62000,830.1070506555395
3,34731.51039338112,62000,836.0815761282827
9,34731.78274059296,62000,827.6351809005611
1,34811.43139362335,62000,830.6064008118411
7,34858.301186323166,61000,817.9153293375754
4,34864.59639215469,62000,834.8914614048526
8,35035.0998711586,62000,826.54475908532
5,35160.39099240303,62000,829.3680523744522
0,35179.07285761833,62000,835.9802214662905
6,35207.48925590515,62000,829.8980754818247
2,35258.087320804596,63000,828.7648480836368
3,35281.44094800949,63000,835.8710228270181
9,35298.03025531769,63000,825.9578961681477
1,35348.81901431084,63000,831.0503425442622
4,35416.884583711624,63000,835.1945740641991
7,35417.158608198166,62000,816.8317671015881
8,35597.795573711395,63000,826.2631789449847
0,35713.75401234627,63000,832.9632554132542
5,35723.279134988785,63000,827.9942181197272
6,35749.013764858246,63000,830.2135709276255
3,35811.94885182381,64000,833.7022119561085
2,35816.85219192505,64000,828.7608542507691
9,35858.75891137123,64000,828.4089575547694
1,35910.889055490494,64000,831.7530341237145
4,35954.08930516243,64000,835.3860768861844
7,35983.83609890938,63000,813.6894588686457
8,36130.7104473114,64000,826.2803310691103
0,36258.26075220108,64000,832.4295687403339
5,36269.31607723236,64000,827.8246452379631
6,36305.775478601456,64000,829.8136867043892
2,36347.30478310585,65000,830.0667474842905
3,36352.131304979324,65000,835.8743999997067
9,36397.73582458496,65000,827.716631265349
1,36457.86479949951,65000,830.9592162946651
4,36499.90099143982,65000,835.8879491482525
7,36523.37755179405,64000,816.6480374511043
8,36688.24267745018,65000,828.2179385795556
0,36790.963072776794,65000,833.4076595937825
5,36827.10954427719,65000,829.0459056867778
6,36846.84032082558,65000,831.3423353471015
3,36893.469195365906,66000,835.7680639424366
2,36902.52287864685,66000,829.7494397188295
9,36936.87132024765,66000,828.845736093115
1,36990.23507094383,66000,830.8871617283701
4,37053.170807123184,66000,836.071409128815
7,37060.59826850891,65000,816.6455756681535
8,37226.22007870674,66000,828.1300671477146
0,37370.43221569061,66000,833.7661087975594
6,37391.503373622894,66000,829.5050625077679
5,37394.51398515701,66000,827.7570866271009
3,37445.27929902077,67000,835.7988170375481
2,37464.313777923584,67000,828.5341842723012
9,37474.57350063324,67000,828.2606919404844
1,37560.342311143875,67000,829.5048712191195
4,37609.49217414856,67000,836.2215825024554
7,37621.28431534767,66000,811.2516479978012
8,37778.69538140297,67000,827.4572900306927
0,37930.216322660446,67000,833.971085460169
6,37937.556726932526,67000,828.8665511663996
5,37941.04491639137,67000,826.2843728616368
3,38007.579193115234,68000,835.4599382146242
2,38011.90029191971,68000,830.2849454753432
9,38036.71390867233,68000,826.58217326656
1,38114.55515933037,68000,829.4437811888984
4,38165.19064450264,68000,833.8921585377375
7,38171.56152391434,67000,811.9408963484802
8,38328.51981830597,68000,828.6405211600525
5,38504.55018186569,68000,824.4988648911548
0,38505.470346450806,68000,834.6394827680849
6,38516.97893190384,68000,830.4816042160967
2,38565.366978406906,69000,828.5373668762321
3,38570.87252140045,69000,835.7887463056272
9,38581.2086558342,69000,828.0281298613305
1,38678.51866483688,69000,830.3479147270643
4,38711.32817530632,69000,835.8831833846117
7,38732.776403427124,68000,818.9508749744526
8,38888.38908934593,69000,828.638424967205
0,39048.87944173813,69000,834.0759190537437
5,39060.71020650864,69000,826.0049536109625
6,39078.350358724594,69000,828.4895967088411
3,39115.60535669327,70000,835.8291484901841
2,39115.73502230644,70000,828.9861659757805
9,39128.65151119232,70000,827.7970536935671
1,39232.40568804741,70000,831.1725507166271
4,39257.72627878189,70000,835.0592542080235
7,39284.97178006172,69000,817.7426416054237
8,39445.384048223495,70000,828.2218932157058
0,39581.79162168503,70000,834.1531269103546
5,39622.37749958038,70000,827.2706310818835
6,39644.78312063217,70000,828.2786554777234
3,39651.80324816704,71000,835.2085042323015
2,39684.43307852745,71000,829.3219571638821
9,39691.03477072716,71000,827.6644574244729
4,39796.66251540184,71000,833.952118235487
1,39797.49239087105,71000,830.3824881565048
7,39866.677389621735,70000,819.6556936985814
8,40015.25727033615,71000,828.6759586906803
0,40147.7862637043,71000,830.645574280739
5,40171.45110464096,71000,826.0549886627479
3,40204.399943590164,72000,834.8272546908801
6,40206.319942474365,71000,830.1056505335665
2,40232.096411943436,72000,828.4670213791514
9,40254.84667277336,72000,827.7846276140468
4,40346.50037384033,72000,834.7828177084388
1,40363.25656700134,72000,830.7812640708487
7,40430.65405011177,71000,815.9267855262223
8,40582.315739154816,72000,829.6275850004333
0,40683.316777944565,72000,832.8389198700287
5,40726.26531600952,72000,829.572826463709
6,40749.31330037117,72000,829.4688442255433
3,40769.08534812927,73000,837.239918886557
2,40788.85909819603,73000,829.6269248020677
9,40827.808948516846,73000,827.1749652622248
4,40898.64452767372,73000,835.0994325009425
1,40904.242693185806,73000,833.5184278465872
7,40995.215717077255,72000,817.0437734518653
8,41141.14445090294,73000,829.3384660968333
0,41238.264630794525,73000,834.787623901918
5,41290.169567108154,73000,828.4570327141668
6,41314.34395027161,73000,827.3216129076216
3,41320.876202106476,74000,836.8509543889453
2,41337.94663786888,74000,830.24846297104
9,41390.254158735275,74000,829.0106088200013
1,41450.184832811356,74000,835.6079715887893
4,41451.331115722656,74000,835.8825835037179
7,41537.10251545906,73000,817.0305258717265
8,41674.922536849976,74000,829.7962421412557
0,41785.61690378189,74000,835.0487962083239
5,41839.136164188385,74000,829.2717517140352
6,41847.65902543068,74000,831.7731858449467
3,41866.01848292351,75000,837.9635866276385
2,41883.1784555912,75000,829.8203706367402
9,41924.20751309395,75000,828.9449272970909
4,41986.289554834366,75000,835.014045351413
1,41989.834401130676,75000,836.6259079950875
7,42094.06688976288,74000,816.0551987850853
8,42221.33771920204,75000,829.4297794645818
0,42340.09573864937,75000,833.8755422156083
5,42391.08047604561,75000,828.7574893157138
6,42396.05190491676,75000,828.8864335667381
3,42421.641159296036,76000,836.5758899433431
2,42457.146372795105,76000,830.4301997207826
9,42468.369566679,76000,828.7722692525838
4,42526.14188480377,76000,834.5440256952049
1,42533.70495271683,76000,836.306072564157
7,42650.27898979187,75000,810.0781789348443
8,42783.71321606636,76000,829.9162206773177
0,42885.084416389465,76000,832.1906593478358
5,42948.22425699234,76000,827.9443436317757
6,42956.09599518776,76000,829.7106656742094
3,42963.46220254898,77000,837.408095711337
2,42998.63881254196,77000,829.5719606065134
9,43038.65054559708,77000,827.5695037738176
4,43082.35968875885,77000,835.5237433595543
1,43085.86301064491,77000,836.9204248866164
7,43208.52864742279,76000,811.2873725087801
8,43349.178372621536,77000,829.1497775376478
0,43436.80785250664,77000,832.8712865034029
3,43508.2451813221,78000,837.0619408347976
5,43509.25036692619,77000,828.3965483393777
6,43522.81804037094,77000,829.5522561189649
2,43560.47100400925,78000,831.3737438334864
9,43600.64269709587,78000,829.9797617926284
1,43618.35451960564,78000,836.365276385499
4,43625.65668010712,78000,834.5078149735948
7,43781.59350299835,77000,812.1110143228598
8,43892.29063606262,78000,829.6684136065443
0,43989.326107263565,78000,834.9219602946814
3,44064.681844472885,79000,837.2445056946957
6,44068.11400461197,78000,830.289066472524
5,44093.27283644676,78000,827.6525006003097
2,44101.20210337639,79000,829.3089861146333
1,44161.47935080528,79000,834.8657765539294
4,44172.769533872604,79000,835.5310672251495
9,44175.322974443436,79000,828.4945513554201
7,44348.7037127018,78000,811.763425415638
8,44448.43108510971,79000,829.2400985886203
0,44531.3926692009,79000,834.9672228424537
3,44597.92682623863,80000,834.4871350846306
6,44623.36951613426,79000,828.5201380450839
5,44634.82053279877,79000,826.7570538262512
2,44649.33395624161,80000,827.407729614444
1,44701.650285720825,80000,835.9945429265424
4,44726.4605486393,80000,834.8293098215656
9,44727.84928536415,80000,827.0617202266972
7,44906.506333589554,79000,815.4920052289483
8,44999.658259391785,80000,829.897928697412
0,45089.611765384674,80000,834.8055483646509
3,45157.30309987068,81000,836.9627834502564
6,45183.326761722565,80000,829.0492963213537
5,45191.22197842598,80000,828.5722437681275
2,45207.38988542557,81000,830.1889474925397
1,45242.61372470856,81000,837.2282912549018
4,45278.841336488724,81000,835.2127174421024
9,45298.45421123505,81000,830.2020940553633
7,45473.817544937134,80000,817.8727713090263
8,45555.54287338257,81000,830.0744439540925
0,45647.00027394295,81000,834.7614033549277
3,45734.64413809776,82000,837.7569777461206
6,45736.67519712448,81000,831.5788711932563
5,45740.574340581894,81000,828.8134773714024
2,45772.22526335716,82000,830.6963378253511
1,45801.85067939758,82000,834.9611852122943
4,45839.33261466026,82000,834.341077884828
9,45862.310097932816,82000,829.4489582320247
7,46036.204347372055,81000,818.1642421262525
8,46116.42437815666,82000,829.613804951207
0,46181.09617686272,82000,833.3550667416946
5,46281.44615936279,82000,828.2001092236893
3,46291.58328413963,83000,836.8400238796265
6,46294.04342699051,82000,830.0319788402392
2,46338.84398174286,83000,829.2656863709537
1,46341.04011654854,83000,836.8177864997301
9,46389.52875685692,83000,829.2069488273723
4,46397.15488767624,83000,834.8156676875211
7,46610.85079622269,82000,817.8129010867361
8,46687.43803668022,83000,829.8182267936133
0,46707.341205596924,83000,834.5267535362435
6,46828.20129466057,83000,830.0400687296634
3,46837.63446855545,84000,836.5147002623773
5,46841.89535498619,83000,830.1416662749332
1,46873.286875486374,84000,836.8049254024617
2,46888.26233291626,84000,828.9975664035724
9,46927.42136716843,84000,829.100675649904
4,46953.45216369629,84000,835.7511099706313
7,47171.72226643562,83000,821.6991192364671
8,47230.98077368736,84000,828.9488869237172
0,47248.027697086334,84000,832.096195243232
6,47370.516199827194,84000,829.0206398156258
3,47375.89047861099,85000,836.6428689603749
5,47399.35398936272,84000,828.526949602446
1,47419.650359630585,85000,836.8366531757596
2,47446.16545677185,85000,830.4069408275433
9,47482.41457152367,85000,828.6614696301099
4,47504.71784210205,85000,834.7885392461744
7,47736.16458916664,84000,821.4101525493103
8,47779.730650663376,85000,828.5045511751215
0,47793.64036107063,85000,832.3494200343481
6,47925.60923790932,85000,829.099118839633
3,47926.92952752113,86000,836.7641845690349
1,47968.79295349121,86000,835.5465958471746
5,47972.880323171616,85000,828.5162285019015
2,47990.24125099182,86000,828.7949920163148
9,48031.70209121704,86000,829.4481197976818
4,48054.81601667404,86000,835.7401654224125
7,48297.64344096184,85000,816.6908252523097
8,48330.463369607925,86000,830.4299358605817
0,48354.89169383049,86000,835.9909784436566
3,48447.361384391785,87000,837.5389221150912
6,48486.51374769211,86000,829.2665299924699
1,48507.59299635887,87000,836.4212633233359
5,48509.70233774185,86000,829.3916433644671
2,48553.630752801895,87000,828.7729298485444
9,48590.46128320694,87000,829.0470838176352
4,48599.146122694016,87000,835.4763490327349
7,48864.933101415634,86000,808.9644115418286
8,48882.185918331146,87000,829.400747979762
0,48893.24457836151,87000,835.5452642587015
3,48995.321397066116,88000,836.3464992061336
6,49041.42521905899,87000,830.2899535033771
1,49060.63390040398,88000,833.6446855170842
5,49066.16399168968,87000,828.2830315652998
2,49121.360884428024,88000,830.6290771063657
9,49135.76903319359,88000,828.3785512618814
4,49144.47322225571,88000,835.7131905801173
7,49418.34753417969,87000,805.8573272979273
0,49442.247994184494,88000,835.8521332772958
8,49443.08516287804,88000,831.5166553946465
3,49547.03729176521,89000,837.8160363463979
6,49569.40853071213,88000,830.1520490654854
1,49594.53106403351,89000,834.5852506271702
5,49603.05765581131,88000,829.8770731285924
2,49663.0548992157,89000,829.9100195112403
4,49685.38807225227,89000,836.0525109388728
9,49691.14383029938,89000,829.101945304388
7,49970.35315513611,88000,820.2349106059265
0,49984.08324718475,89000,835.288424880557
8,49993.36135149002,89000,830.2810521492647
3,50093.47061300278,90000,838.0780653679868
6,50113.05470919609,89000,829.0519771139903
5,50134.293904066086,89000,830.1815376144822
1,50150.977700948715,90000,834.5066114743597
2,50199.8417365551,90000,829.9188186845014
4,50220.00428247452,90000,834.4612092370428
9,50231.982258319855,90000,829.1027416671496
7,50523.984939575195,89000,822.9998374904609
0,50533.0469493866,90000,833.7706238240854
8,50543.09397149086,90000,829.5829312172737
3,50626.64548563957,91000,837.6191553982526
6,50662.56496548653,90000,830.7485497134154
5,50682.42614531517,90000,829.4219146378149
1,50698.298588991165,91000,836.2501748318407
2,50747.34693312645,91000,830.7745730001303
4,50760.30244517326,91000,832.6329317472945
9,50782.65687394142,91000,829.9576091206792
7,51077.55813717842,90000,823.9002257576813
0,51087.41829228401,91000,832.2293614324062
8,51093.593150138855,91000,829.3209419891665
3,51167.159205913544,92000,836.4312594669893
6,51226.34289073944,91000,829.2122270183747
5,51232.08213210106,91000,829.7903883117713
1,51235.12626361847,92000,837.8459464982559
2,51303.66601514816,92000,829.4397253708189
4,51310.143681526184,92000,834.0976613726419
9,51326.07503461838,92000,829.3197267347344
7,51628.70854091644,91000,820.5682605198829
8,51632.64920115471,92000,830.8654893056383
0,51636.824268102646,92000,831.6437822786392
3,51708.22176003456,93000,838.5838277869958
6,51757.50207352638,92000,828.3917550425913
5,51772.86661243439,92000,830.0417393222647
1,51780.14647769928,93000,837.3065989457951
4,51850.188816308975,93000,834.2123641588397
2,51862.12905025482,93000,829.0578755122591
9,51875.95201086998,93000,829.1643197547288
7,52185.58956241608,92000,823.2779636089401
8,52185.651262521744,93000,829.3929869090401
0,52196.97372198105,93000,833.6824191731342
3,52242.04234576225,94000,836.6206000630906
6,52308.160989284515,93000,829.8608146153542
1,52312.83837890625,94000,837.2073001364985
5,52314.02496051788,93000,828.3848321317439
2,52373.10463523865,94000,829.9764620270475
4,52393.918415308,94000,832.343307074192
9,52431.2582423687,94000,829.9335659033841
8,52721.47734761238,94000,829.9879776960682
0,52722.42784547806,94000,833.9433076869974
7,52738.97604441643,93000,821.0233272331848
3,52776.59939575195,95000,835.1228645738463
6,52829.47104382515,94000,829.9185945522108
1,52831.52033829689,95000,836.6459677050635
5,52869.59983062744,94000,827.031709085613
4,52901.76440858841,95000,831.0274508469341
2,52902.691704034805,95000,830.4115276299585
9,52947.20447921753,95000,829.8771438704172
0,53241.48531460762,95000,832.6202414296092
8,53241.68726181984,95000,830.3809317004198
7,53289.033187150955,94000,820.4911988016254
3,53314.215135097504,96000,837.0876515821357
1,53364.01224923134,96000,836.7629876293141
6,53381.83365607262,95000,828.6449966431834
5,53392.47106575966,95000,829.9475130319012
4,53429.53009176254,96000,831.9167205944279
2,53438.15874123573,96000,830.739387502026
9,53469.190985918045,96000,828.0660920016284
0,53766.68315887451,96000,832.0890950993896
8,53772.59621024132,96000,830.212508326087
7,53826.792736291885,95000,822.4338458356259
3,53836.26599216461,97000,836.9293279925988
1,53892.40694975853,97000,837.0653873958104
6,53914.856550216675,96000,829.8167465055576
5,53925.15670800209,96000,829.6666471126905
4,53963.377049684525,97000,832.0886540331455
2,53968.07320022583,97000,831.0431604629397
9,53980.88051843643,97000,827.6662283914392
0,54259.862088918686,97000,832.6673918639543
8,54283.79921030998,97000,829.8374715359867
7,54318.45648384094,96000,824.6289993233657
3,54338.21656084061,98000,836.7667575931226
1,54382.30876016617,98000,837.6608703793295
6,54415.37894511223,97000,829.2259811525217
5,54427.7064435482,97000,830.1603102184015
4,54455.4062871933,98000,829.0322549135439
9,54455.92648768425,98000,827.9644374236955
2,54462.17645859718,98000,830.1275365676377
0,54731.477776288986,98000,831.4185550085057
8,54766.85287475586,98000,829.2702707160731
7,54801.524415016174,97000,822.5957500165091
3,54815.700367450714,99000,836.5143519932523
1,54849.016922950745,99000,836.5940951534271
6,54886.65331864357,98000,829.1871094120052
5,54906.910215616226,98000,830.2615828505517
4,54943.12154960632,99000,829.2307578677851
9,54953.501078128815,99000,828.781816347616
2,54953.963233947754,99000,829.2238899072527
0,55203.18421840668,99000,831.1028769640116
8,55255.91752076149,99000,830.1269153165174
3,55289.58791875839,100000,835.6883868669721
7,55299.25967025757,98000,821.9657848908766
1,55335.19524002075,100000,837.3561551546613
6,55374.34721827507,99000,828.1824489285584
5,55392.202791929245,99000,823.8707704997603
4,55431.53112196922,100000,827.4306542451352
9,55436.902651786804,100000,829.5073642435403
2,55459.824887275696,100000,828.9565837681082
0,55674.26596450806,100000,833.2022572974488
8,55735.05531859398,100000,830.6382283770891
3,55758.31848573685,101000,837.5934949493155
7,55794.16523838043,99000,825.6792457091605
1,55822.04427790642,101000,837.0186160662906
6,55859.615134716034,100000,829.3559149763931
5,55862.8067483902,100000,830.7795429986544
4,55916.401906728745,101000,829.2180307626714
9,55929.965084552765,101000,826.8950047645758
2,55949.03136873245,101000,830.6376792757646
0,56163.389748334885,101000,832.5056824342145
3,56223.557878017426,102000,837.1616337584355
8,56226.31346321106,101000,829.5675217498662
7,56275.9230093956,100000,825.3231733122569
1,56300.00904893875,102000,837.0661998307072
6,56335.035202503204,101000,828.6782271846753
5,56355.87037277222,101000,831.2185747481401
4,56395.23985886574,102000,832.0567315310373
9,56424.401047468185,102000,829.3712886586252
2,56428.66037774086,102000,829.8973558746519
0,56658.947047472,102000,833.4376617771971
3,56709.46995592117,103000,836.7233580181847
8,56721.65682244301,102000,831.064091344621
7,56787.172474861145,101000,823.1657443131551
1,56804.297610998154,103000,837.6077866371108
5,56835.243810892105,102000,829.937811962755
6,56836.43035387993,102000,829.4740066647676
4,56874.56825327873,103000,831.7605275468865
9,56908.9864487648,103000,828.9169338800428
2,56925.99482369423,103000,830.614670776061
0,57140.028367996216,103000,832.6628028741209
8,57191.909012794495,103000,830.476993516813
3,57195.45192337036,104000,838.2571472499305
7,57266.573845624924,102000,822.2227080308996
1,57292.25178074837,104000,837.1791817149187
5,57325.711703538895,103000,831.2507732309442
6,57327.00018954277,103000,829.1686299096126
4,57351.66867566109,104000,833.014039736591
9,57382.513575315475,104000,829.1415360592957
2,57421.388513088226,104000,830.7172523469341
0,57618.09912061691,104000,833.232777977125
3,57674.04704403877,105000,837.5221847500134
8,57675.583939790726,104000,830.6798039542738
7,57749.0882332325,103000,825.693909259383
1,57766.2067694664,105000,836.7559583369942
5,57785.33120250702,104000,830.8775983177779
6,57816.97496175766,104000,830.4906911681911
4,57825.15069079399,105000,828.6445156657041
9,57856.8853199482,105000,829.955173093222
2,57901.69379782677,105000,830.6053078273593
0,58108.64389228821,105000,830.5376270321615
3,58147.33005857468,106000,837.5825350270678
8,58159.36089682579,105000,829.4678526266978
7,58232.08915805817,104000,824.6707383940991
1,58244.45236682892,106000,836.2131336101763
5,58257.28731417656,105000,832.2018484594879
6,58302.43411922455,105000,829.6352236685078
4,58313.49784755707,106000,828.6221550852172
9,58339.76727938652,106000,828.626283215108
2,58396.06103467941,106000,829.4473022395516
0,58605.59713721275,106000,834.2540138624042
3,58642.79257297516,107000,837.215428604776
8,58645.49790811539,106000,830.8725781928517
7,58729.3423948288,105000,826.6916660493982
1,58745.45272278786,107000,837.7472287549601
5,58746.91121387482,106000,831.1326845161332
6,58808.742047309875,106000,830.1979481264445
4,58817.599411726,107000,828.6097058690837
9,58841.85799384117,107000,830.2222186860512
2,58880.202434301376,107000,829.6365584523061
0,59099.145637989044,107000,833.0959554138449
3,59133.16936707497,108000,837.7291052970943
8,59133.43714404106,107000,830.4595677343151
1,59216.55333328247,108000,838.2850596623543
7,59238.67434644699,106000,822.1443696437259
5,59239.28289747238,107000,830.2550506256637
6,59288.19168162346,107000,829.7071533890249
4,59313.94241523743,108000,831.8817105922908
9,59332.59713959694,108000,828.6971435294068
2,59363.33767199516,108000,831.0442946213784
0,59589.042531728745,108000,826.4068635907604
3,59603.86045885086,109000,837.9607052375053
8,59616.541256189346,108000,830.6061775119487
1,59703.92088723183,109000,837.9283737650859
7,59723.064359903336,107000,821.5065332750679
5,59734.48577618599,108000,831.6300971847428
6,59779.26002407074,108000,830.2331972760838
4,59807.76816058159,109000,830.364051470789
9,59824.105449438095,109000,829.9477424501753
2,59857.128996133804,109000,831.207822803715
0,60084.70319104195,109000,829.9107736608128
3,60085.10401034355,110000,837.8022533108289
8,60087.66949748993,109000,830.0537156251504
1,60175.82095336914,110000,838.235943055417
7,60205.5466094017,108000,817.1645441712465
5,60213.61227822304,109000,831.0571347120963
6,60263.07129621506,109000,829.7008579443228
4,60292.04622220993,110000,830.615603753691
9,60311.0469622612,110000,829.1760462396302
2,60334.973568201065,110000,830.9151305930349
3,60558.72141075134,111000,837.0137906043307
0,60565.822625637054,110000,832.8205144151469
8,60576.42570614815,110000,830.3063966078729
1,60666.02601289749,111000,836.7239154505405
5,60700.36068201065,110000,830.4897781544581
7,60706.46626615524,109000,816.3668425330094
6,60755.312891721725,110000,829.6456708227922
4,60788.66201925278,111000,828.6607021941871
9,60804.88305902481,111000,828.6780324226171
2,60822.267593860626,111000,830.9611434390664
3,61038.85173368454,112000,838.7372314643768
8,61047.19791674614,111000,828.9933914231867
0,61068.53587317467,111000,823.7150430498056
1,61151.857300043106,112000,837.4118627836979
5,61200.04146695137,111000,830.0611893139721
7,61209.83489251137,110000,814.4366325051298
6,61251.645403146744,111000,828.9077684708067
4,61282.336332559586,112000,830.2991570691559
9,61297.09266376495,112000,828.6395149193809
2,61318.45758318901,112000,830.0957204527483
3,61520.91392350197,113000,837.6200239569895
8,61551.463478565216,112000,829.0594512960212
0,61567.85602235794,112000,828.6557105402469
1,61624.32317185402,113000,837.1988330940937
5,61688.45978951454,112000,829.1215320137151
7,61698.94232940674,111000,815.096356367057
6,61733.332991838455,112000,828.3576202601737
4,61775.31108927727,113000,830.7474907577588
9,61779.83252263069,113000,828.1242190368489
2,61823.04271507263,113000,828.0313999001067
3,62010.0912797451,114000,837.4182704903868
8,62048.01527237892,113000,831.4822908842709
0,62064.43931436539,113000,829.0005752186308
1,62114.09013605118,114000,837.5112930563297
5,62172.484980106354,113000,829.4794514114762
7,62187.297117471695,112000,817.0138137526278
6,62228.249683856964,113000,829.8234416414933
9,62258.21124148369,114000,829.4522632719153
4,62258.63543200493,114000,833.5834791214313
2,62298.268867731094,114000,830.0760179146192
3,62476.178572416306,115000,837.1986425649312
8,62531.42568397522,114000,829.7155853295862
0,62562.50524640083,114000,829.6833008621072
1,62610.49764418602,115000,835.918496700916
5,62657.77118110657,114000,827.0374002542999
7,62687.00374507904,113000,818.3093376108177
6,62709.45428562164,114000,827.8680629659216
4,62733.030761003494,115000,830.8110709948027
9,62741.056240320206,115000,828.8144360148876
2,62774.749430179596,115000,829.6998341629874
3,62951.07817864418,116000,837.2675013843972
8,63024.75254893303,115000,830.4992221396886
0,63048.5942094326,115000,828.6289623688939
1,63092.299627542496,116000,836.7971894946647
5,63132.81632375717,115000,828.6237827073451
7,63187.158628463745,114000,816.4781348927938
6,63191.0114672184,115000,830.6904273729789
4,63221.246619939804,116000,831.138004250451
9,63226.46910119057,116000,830.2091782594559
2,63245.685235738754,116000,829.420360936509
3,63432.206013679504,117000,838.0164399810832
8,63498.77869653702,116000,831.3524417931653
0,63518.75740337372,116000,831.8058667277261
1,63559.35528302193,117000,836.8489255992152
5,63613.893107414246,116000,828.0752897325424
6,63662.68282175064,116000,830.705625255732
7,63666.317284822464,115000,823.2682580161766
9,63686.54767012596,117000,830.2582712755836
4,63704.679990291595,117000,830.2626123053998
2,63726.00657725334,117000,829.6043599563731
3,63919.772543907166,118000,838.6849391114964
8,63964.65033912659,117000,830.7782644029994
0,64013.995136260986,117000,833.9997564525601
1,64029.81103730202,118000,837.6546597346844
5,64115.69978475571,117000,826.275937716915
6,64140.01202273369,117000,831.7000633717232
7,64160.28907251358,116000,822.1555164930427
9,64186.11525821686,118000,828.8234148775313
4,64196.62518668175,118000,831.6766287588041
2,64215.48450303078,118000,828.9923619642371
3,64409.37152457237,119000,838.5147105544861
8,64457.66624593735,118000,829.7629559452267
1,64508.10090112686,119000,836.9646261854376
0,64510.3380010128,118000,834.0188408720901
5,64604.79131102562,118000,829.4778531967999
6,64615.2936873436,118000,831.2194324951315
7,64645.48795056343,117000,821.1981716871883
9,64671.858229875565,119000,829.754746716052
2,64698.28174829483,119000,830.6209462068231
4,64698.70830798149,119000,834.3105194948135
3,64842.72384476662,120000,837.2552652183763
8,64860.556059122086,119000,831.5411844737447
1,64882.55390882492,120000,838.0426015464105
0,64885.33693957329,119000,835.5509605576455
5,64906.3172211647,119000,830.7659791142192
6,64907.01395845413,119000,828.3727187594993
7,64922.64530014992,118000,824.3754521987864
9,64928.621525764465,120000,829.708356471894
2,64931.755742549896,120000,830.6512033453723
4,64933.63635849953,120000,832.363795349513
3,64982.042436122894,121000,838.140125367968
8,64993.38638687134,120000,830.2288648594705
1,65011.97285652161,121000,836.6850088679308
0,65018.38391947746,120000,836.3424765658567
6,65036.54599118233,120000,829.3170927478476
5,65037.389551877975,120000,830.3434736995935
7,65054.166115522385,119000,822.7098345494096
9,65058.28415942192,121000,830.5963230180255
2,65062.865444898605,121000,830.3809579430596
4,65064.871445417404,121000,834.1876339655644
3,65111.218521595,122000,838.7697165649333
8,65121.64437317848,121000,830.6288153044997
1,65141.81107020378,122000,836.3487160984159
0,65149.1780796051,121000,836.8792237001229
6,65166.466633081436,121000,829.5982018017816
5,65168.9675822258,121000,829.3182458908071
7,65185.32306885719,120000,823.5818205582077
9,65188.21905875206,122000,829.9525491270864
2,65194.10301399231,122000,829.9640032836161
4,65194.88649344444,122000,832.8501718668912
3,65240.92923974991,123000,836.7365920118707
8,65250.03875184059,122000,830.7906681591637
1,65271.57687664032,123000,837.2393475328859
0,65283.46237659454,122000,835.2629064686467
6,65296.36344027519,122000,829.2869948719105
5,65300.264335393906,122000,830.0464325490852
7,65317.03456926346,121000,822.7520532239752
9,65317.93455648422,123000,829.3318019674489
4,65325.30233716965,123000,832.2678623467494
2,65325.43481731415,123000,828.9850080522078
3,65370.195806741714,124000,838.2598855070338
8,65378.1512260437,123000,831.0591406869885
1,65401.52991580963,124000,837.6093513843596
0,65413.01299881935,123000,837.593639225524
6,65426.02420258522,123000,830.7474911197737
5,65431.495436906815,123000,830.857205306456
9,65447.479516506195,124000,830.1557170447439
7,65448.254600048065,122000,826.0418262409713
4,65454.752789497375,124000,833.5874604157466
2,65456.51357674599,124000,830.4016464083888
3,65499.39446353912,125000,838.2215960510011
8,65506.29611134529,124000,829.6934671014106
1,65531.33429479599,125000,838.1673962933629
0,65543.1481552124,124000,836.2789189789601
6,65556.24318552017,124000,829.5148143182466
5,65562.69752144814,124000,831.2396075207865
9,65578.82937002182,125000,829.4733304814495
7,65579.40295743942,123000,825.168306491176
4,65584.60300898552,125000,833.6374276136102
2,65587.95725536346,125000,828.8843077584966
3,65628.50937128067,126000,837.206539276203
8,65634.10133266449,125000,831.2775516864242
1,65660.89838504791,126000,837.6742006325436
0,65671.89459085464,125000,836.6440388620026
6,65685.81255078316,125000,829.9317566145426
5,65693.44779896736,125000,831.116603967048
9,65710.11265826225,126000,830.5199831544406
7,65710.59718418121,124000,822.6128987848598
4,65713.7845492363,126000,834.0350686106792
2,65718.88516712189,126000,829.9112019707926
3,65758.2549905777,127000,838.072138436036
8,65761.82464408875,126000,831.404791723216
1,65790.7607433796,127000,838.3152809906248
0,65800.41082596779,126000,837.1785919017437
6,65815.04369521141,126000,832.7153878658563
5,65824.15013384819,126000,831.8482733817381
9,65840.17187929153,127000,829.9298454559141
7,65841.80174541473,125000,824.8136021751411
4,65842.68884682655,127000,835.8845147703291
2,65850.02240872383,127000,829.136040478777
3,65886.92887854576,128000,837.9078640219515
8,65890.08803915977,127000,830.685337493737
1,65919.78358507156,128000,836.9223048055188
0,65929.83738660812,127000,837.8969468036167
6,65944.84243226051,127000,832.5790480811394
5,65954.36643910408,127000,831.1218894673706
9,65971.30425000191,128000,830.0188798005825
4,65972.25991487503,128000,835.4345138505194
7,65972.30654883385,126000,822.3247659872613
2,65981.15791606903,128000,830.7096381448323
3,66014.9076180458,129000,838.9379377809248
8,66018.37893891335,128000,831.1744038837165
1,66048.47069907188,129000,838.1474498815414
0,66059.38353466988,128000,838.403949152905
6,66081.98322057724,128000,831.1932232340274
5,66085.18501877785,128000,831.4338225903189
4,66101.4494395256,129000,835.3454687999913
9,66101.89189624786,129000,828.30716205735
7,66103.2701511383,127000,825.0421161966729
2,66111.12384438515,129000,831.8201832323715
3,66147.1684410572,130000,837.2666369721436
8,66147.92796063423,129000,829.6286224043155
1,66177.78819131851,130000,834.9952920612519
0,66188.37972307205,129000,838.1547242836939
6,66213.82644581795,129000,830.7403132841845
5,66216.17596626282,129000,829.5956290411509
4,66232.17741656303,130000,835.0593751208913
9,66232.33114886284,130000,828.1128719143233
7,66236.03845882416,128000,820.1756303543173
2,66242.38315415382,130000,827.7258462920777
3,66277.39353370667,131000,836.4720522524701
8,66277.5571732521,130000,828.7787214730298
1,66306.78482151031,131000,838.0112346938723
0,66316.87148809433,130000,837.9807369938973
6,66343.43108010292,130000,830.7968442331136
5,66346.57392573357,130000,830.7053434969891
4,66361.97223067284,131000,835.2235855269146
9,66366.88150882721,131000,828.8214994114144
7,66370.38965344429,129000,820.4239889834196
2,66373.25138425827,131000,829.6776436248955
3,66405.10855841637,132000,837.8718269487894
8,66406.5796353817,131000,830.5342419436679
1,66435.53745269775,132000,837.6461978014652
0,66445.81938934326,131000,838.5331412783462
6,66473.47575259209,131000,831.5252436854403
5,66477.24958252907,131000,829.4246805724592
4,66491.82595920563,132000,835.2951448516361
7,66501.49007177353,130000,822.529516442549
9,66503.41374349594,132000,828.863330907879
2,66504.07316946983,132000,830.8851674827795
3,66533.33762955666,133000,836.5976792513551
8,66536.69807314873,132000,831.4319951305748
1,66564.81095075607,133000,838.2554484497839
0,66575.23226547241,132000,837.7691813351299
6,66604.82609629631,132000,831.624635556466
5,66607.54784274101,132000,830.5967526931895
4,66622.74523735046,133000,835.3903694608366
2,66634.83732843399,133000,829.5276070908203
9,66636.49266123772,133000,828.2116026132617
7,66640.88022732735,131000,823.4391292155087
3,66661.86902809143,134000,836.7791764399216
8,66665.69458246231,133000,831.7709268543623
1,66694.45202350616,134000,837.2423276305336
0,66703.59396243095,133000,839.5146597887764
6,66735.78554916382,133000,832.7621590940508
5,66737.71716046333,133000,830.7381182800566
4,66753.09374117851,134000,834.1264510648502
2,66765.14829421043,134000,828.8759645652735
9,66766.8125705719,134000,830.08056284086
7,66779.8681409359,132000,824.6417699510248
3,66789.94673371315,135000,838.1893852434769
8,66797.7411005497,134000,830.8941710306052
1,66823.4479444027,135000,837.7114448779358
0,66831.45444607735,134000,839.4439647678411
6,66864.41269135475,134000,834.3486149105233
5,66868.34644150734,134000,830.3401536655564
4,66883.48925924301,135000,834.6323215231027
2,66895.11996340752,135000,829.9991492113464
9,66897.6525592804,135000,828.4503154559224
7,66918.33417892456,133000,825.2830544259938
3,66918.81841659546,136000,836.0849133618212
8,66928.65981698036,135000,829.5751267308085
1,66952.82603287697,136000,836.9324944041955
0,66964.36496663094,135000,838.4744725451561
6,66993.12599873543,135000,831.2254280249956
5,66998.88347840309,135000,829.2778345975566
4,67013.27673459053,136000,835.8328974111123
2,67025.18030953407,136000,829.1832439922352
9,67027.91470956802,136000,828.5449219842343
3,67046.80427074432,137000,838.0502451663713
7,67048.38146710396,134000,825.7188495683793
8,67061.17129611969,136000,831.71106086295
1,67081.5362610817,137000,836.1205055112549
0,67094.13974618912,136000,837.6884204578074
6,67122.4328584671,136000,833.7805154517937
5,67129.57999682426,136000,828.92458895751
4,67143.79987239838,137000,836.1172379249995
2,67155.98313736916,137000,829.9861276467673
9,67158.48134875298,137000,830.6821314753864
3,67175.02549815178,138000,837.5380099518306
7,67187.41605401039,135000,824.7511662816515
8,67193.39579939842,137000,830.0253463065994
1,67210.67757678032,138000,837.324181645189
0,67226.17541670799,137000,839.5737544731861
6,67253.76052236557,137000,834.2160747836296
5,67260.76872396469,137000,829.2937585782608
4,67275.01035308838,138000,835.2245299577887
2,67288.00709724426,138000,829.5147656897414
9,67289.77616047859,138000,829.0155219087454
3,67304.22673273087,139000,836.8587226657805
7,67326.16809725761,136000,823.319265982017
8,67326.45721793175,138000,830.0275715878771
1,67339.95114707947,139000,836.555452782193
0,67359.20229935646,138000,838.5907639525938
6,67383.05649495125,138000,834.3583460889449
5,67390.45234203339,138000,830.5054110179653
4,67404.12977290154,139000,834.6045644179491
9,67419.77069330215,139000,828.1610297327708
2,67423.9145834446,139000,829.3338880114202
3,67431.76434373856,140000,837.5004456755406
8,67458.3936495781,139000,830.864366917544
7,67464.84109425545,137000,826.60438113744
1,67469.89467430115,140000,836.2772980273915
0,67488.62290763855,139000,839.4754250759298
6,67513.12510824203,139000,835.6480494093935
5,67521.99714183807,139000,829.8662276422724
4,67535.75109148026,140000,832.9911106888977
9,67552.13261389732,140000,829.1961141083972
2,67558.33519601822,140000,830.556529016307
3,67561.51406145096,141000,837.323091493898
8,67592.2659561634,140000,829.7312321972997
1,67600.29901862144,141000,836.5812035491832
7,67605.27087187767,138000,825.1926007470323
0,67619.58617949486,140000,839.4284930002439
6,67643.25856041908,140000,834.4832434815099
5,67653.64649033546,140000,828.8598917701378
4,67667.03719902039,141000,831.9781086995213
9,67683.35737538338,141000,828.0284470035967
3,67690.31679368019,142000,836.3482058212387
2,67692.98595380783,141000,830.2531791866675
8,67724.74673843384,141000,831.1958159621167
1,67731.91959047318,142000,836.198601703323
7,67739.11854219437,139000,824.1730747399963
0,67750.74421715736,141000,839.243576210767
6,67772.97464227676,141000,835.0042873679018
5,67784.14249062538,141000,829.125157664976
4,67797.18524742126,142000,835.8363166668975
9,67814.4072239399,142000,828.4588320356842
3,67818.7460052967,143000,836.3336110880385
2,67826.78894662857,142000,830.5062599892314
8,67854.04809522629,142000,830.747282509322
1,67864.67117595673,143000,835.6670707552839
7,67870.85753440857,140000,826.5375271743512
0,67880.97905278206,142000,837.9224499208675
6,67903.22074341774,142000,835.5069770008299
5,67915.84288835526,142000,827.0612418331662
4,67928.30418014526,143000,832.7017196473289
9,67947.05795478821,143000,827.8200569509142
3,67947.56644558907,144000,836.8823693271246
2,67959.55305075645,143000,830.132420707292
8,67982.74284720421,143000,829.84620412544
1,67999.06551384926,144000,835.9465816786147
7,68000.7440905571,141000,825.2459167102513
0,68009.73769378662,143000,838.8139783736411
6,68031.84117650986,143000,836.0967181367524
5,68045.8187084198,143000,827.6811700290922
4,68057.76555776596,144000,832.2370018806853
3,68074.8118083477,145000,837.5727924345498
9,68082.5296266079,144000,827.338975487866
2,68093.72898507118,144000,829.4278036133751
8,68110.6404697895,144000,831.2301038402752
7,68135.69568514824,142000,826.9137992231852
1,68138.69679784775,145000,835.1132603016217
0,68140.01558709145,144000,837.5046238773697
6,68161.66816091537,144000,836.1843784749489
5,68177.12700366974,144000,826.4520105888638
4,68188.20652294159,145000,834.2649637872064
3,68203.21498155594,146000,837.3708210779411
9,68215.70714640617,145000,828.4818580999231
2,68230.11966395378,145000,830.7057830698272
8,68239.75076842308,145000,829.847476743528
7,68265.75645875931,143000,829.386923833065
0,68269.25921368599,145000,838.5773594310508
1,68277.45824861526,146000,835.2399231096176
6,68290.29649686813,145000,835.8690441535985
5,68307.5266816616,145000,826.6351288100545
4,68319.40280103683,146000,831.0809316146225
3,68330.42528319359,147000,836.5961284931184
9,68350.13813781738,146000,828.7792251123775
2,68361.59274148941,146000,830.3627977315842
8,68370.58860039711,146000,831.2181262197688
7,68398.78376817703,144000,829.5815401868601
0,68399.98933887482,146000,837.8559796806192
1,68417.97101354599,147000,832.4990013743485
6,68420.26039481163,146000,835.1024715425375
5,68445.65915727615,146000,827.0809176332126
4,68453.05356669426,147000,832.3811249103923
3,68459.11719799042,148000,838.1228494960053
9,68486.51857304573,147000,830.4305497402273
2,68493.31869339943,147000,830.2703958895856
8,68502.67164444923,147000,828.8505146263705
7,68530.65047931671,145000,828.2114709405931
0,68536.80043530464,147000,840.2213468326843
6,68551.01954054832,147000,836.3637146420537
1,68558.68792510033,148000,832.8075260354641
4,68585.79149246216,148000,834.2543955181186
5,68586.44961333275,147000,827.0630717871722
3,68589.10418844223,149000,836.8666447974641
9,68619.3512673378,148000,828.3674610058824
2,68625.4175415039,148000,830.4958082436524
8,68634.92664051056,148000,830.1304199277305
7,68661.20565629005,146000,825.7279835164198
0,68668.42248630524,148000,839.2403337689426
6,68681.62199378014,148000,835.0417623133513
1,68699.69621515274,149000,832.7409132070125
4,68718.48550438881,149000,830.7717166818333
3,68719.09517097473,150000,838.154521662695
5,68729.05735039711,148000,827.1751441908291
9,68751.42857432365,149000,829.5543850352977
2,68756.4762506485,149000,830.2428972196686
8,68765.1992483139,149000,830.4598140837471
0,68799.55101037025,149000,838.572618956013
7,68801.7854104042,147000,827.043119191906
6,68812.56211471558,149000,836.7575082632906
1,68840.47759604454,150000,832.5720131253534
3,68849.55359888077,151000,836.9270722987678
4,68850.56306266785,150000,832.6183933251141
5,68873.82221651077,149000,829.1152296902837
9,68883.61057972908,150000,830.2297623846057
2,68887.57451272011,150000,829.9589788187109
8,68895.86397004128,150000,830.605121112907
0,68930.89131641388,150000,839.1464157428634
7,68944.92208051682,148000,828.6285672098817
6,68949.16181278229,150000,835.8972435938584
3,68980.12542152405,152000,837.4593558318646
4,68983.02453017235,151000,831.9353695229904
1,68983.78527402878,151000,831.3914692928801
9,69016.2213332653,151000,828.5419697090805
5,69017.47362327576,150000,829.3363690296716
2,69019.80496358871,151000,830.0623424460011
8,69026.57304048538,151000,829.6313596355096
0,69062.29587364197,151000,839.413670437606
6,69081.81005692482,151000,836.4176659559635
7,69089.23728895187,149000,828.4453394697164
3,69110.66525745392,153000,836.4188198497968
4,69115.12832665443,152000,833.2983271273052
1,69126.81368637085,152000,832.0778943420895
9,69148.40007424355,152000,829.4168136532581
2,69150.63531088829,152000,830.8992973017748
8,69157.79107022285,152000,830.7680839415931
5,69162.6108224392,151000,829.1646696931516
0,69193.51204013824,152000,839.2347741119238
6,69211.83375668526,152000,834.7186504819699
7,69231.77896881104,150000,827.0966544429041
3,69241.12688231468,154000,837.6548706933836
4,69247.32742500305,153000,832.0028324229386
1,69265.55979084969,153000,832.5964129093798
2,69281.69745635986,153000,830.339675423956
9,69283.5875608921,153000,828.5004039465618
8,69288.64619326591,153000,830.3764338133592
5,69306.41955542564,152000,825.9002447917347
0,69325.30351138115,153000,837.8638765706154
6,69341.78567624092,153000,836.3861927470119
7,69369.4184384346,151000,824.3623320139585
3,69371.73840069771,155000,835.4323247748755
4,69379.32928085327,154000,833.4874344462332
1,69401.32658410072,154000,831.7276726227504
2,69412.55042433739,154000,830.0812667138182
8,69419.21908140182,154000,830.6299488505794
9,69424.58497476578,154000,828.2985237978627
5,69449.63903927803,153000,824.2642134030704
0,69456.64385700226,154000,839.0096801857948
6,69477.6615550518,154000,835.3451901251582
7,69499.79860401154,152000,826.0074177818215
3,69502.07535099983,156000,836.4808073605133
4,69511.22865700722,155000,832.443441336897
1,69535.35999321938,155000,832.4501800211308
2,69543.6942961216,155000,829.1338181913624
8,69549.69149851799,155000,829.6861530219093
9,69560.81797003746,155000,829.2364885818679
0,69587.02822303772,155000,838.644818834277
5,69592.76009345055,154000,823.827096645836
6,69607.54625582695,155000,835.996626320523
7,69630.59306645393,153000,827.7537563134773
3,69631.92905330658,157000,836.3265891748711
4,69644.13809394836,156000,833.9752260015624
1,69671.06251454353,156000,831.4909058465921
2,69677.21727013588,156000,828.7644491473137
8,69680.42628979683,156000,830.3877487615985
9,69693.55479931831,156000,828.9372204921154
0,69718.79363274574,156000,837.1376605765228
6,69737.62063860893,156000,834.899662183869
5,69737.62621688843,155000,820.3762860537279
7,69760.59190154076,154000,828.5494509094407
3,69761.60540509224,158000,837.3467775941862
4,69774.5424644947,157000,834.9101258153764
2,69808.360216856,157000,830.7129235986743
8,69810.3504679203,157000,830.9285865759863
1,69810.5801999569,157000,830.1143397390885
9,69825.13420414925,157000,829.2054960356825
0,69848.49690127373,157000,838.0125107080144
6,69866.85248708725,157000,835.0094953880995
5,69879.18062067032,156000,824.8510039037345
7,69890.3312215805,155000,828.5945874232527
3,69891.47178125381,159000,837.2645260794353
4,69903.6794230938,158000,835.5061020666137
8,69938.7043762207,158000,830.6815341267356
2,69938.78350663185,158000,829.9861410263615
1,69948.91017460823,158000,830.5134597581629
9,69958.10162115097,158000,829.8505003973437
0,69977.64463424683,158000,837.3915435423347
6,69996.55677294731,158000,835.6167574379201
5,70018.35291743279,157000,818.7191335197365
7,70020.04455828667,156000,828.0374777618222
3,70020.22645688057,160000,837.2812554761048
4,70032.95928359032,159000,836.3063028369155
8,70066.75954985619,159000,831.5067965013036
2,70070.01457262039,159000,829.6821281908918
1,70083.11882901192,159000,830.1626464209501
9,70089.29424095154,159000,828.2318878455892
0,70112.54566478729,159000,838.4032074924692
6,70134.98413825035,159000,833.6237229364215
3,70148.13713169098,161000,837.8927895584056
7,70149.82866096497,157000,826.423692399798
5,70160.47221660614,158000,820.2543845232744
4,70162.83361148834,160000,835.0298275246388
8,70195.62056684494,160000,830.8274351280243
2,70200.6840763092,160000,830.1797031423088
1,70219.40142273903,160000,833.0626373178208
9,70220.17125558853,160000,829.2655253452122
0,70242.08218073845,160000,840.0732873045265
6,70273.06573343277,160000,835.4084972487686
3,70275.02295589447,162000,838.6861430207156
7,70278.98878622055,158000,828.4742558734936
4,70292.70506072044,161000,835.0407805969627
5,70298.0863969326,159000,823.7625179036194
8,70322.22940063477,161000,831.3692969954204
2,70330.38451242447,161000,830.7769479006706
9,70351.48553609848,161000,829.0433952205374
1,70361.78834033012,161000,832.6677039560251
0,70375.74246668816,161000,838.3189746063334
3,70402.2506365776,163000,836.2593086120314
7,70408.4844288826,159000,826.7962316378138
6,70410.22026896477,161000,836.2463942531526
4,70422.41782307625,162000,832.7421387325104
5,70436.55251812935,160000,823.2805114189414
8,70450.39027690887,162000,830.5621061581278
2,70460.71500444412,162000,830.2343407173094
9,70485.02786183357,162000,827.9390294794133
1,70502.83860349655,162000,833.1285334062984
0,70505.98970961571,162000,839.1690911583056
3,70531.16319704056,164000,837.6260141109136
7,70537.81343245506,160000,827.54652645148
6,70543.2179839611,162000,835.9380303810419
4,70552.6545650959,163000,829.4167859602264
8,70578.92854809761,163000,830.7061137538259
5,70581.10407757759,161000,824.7537338305384
2,70590.90301465988,163000,829.774470055656
9,70621.04500436783,163000,829.0989594566886
0,70636.2143175602,163000,838.1233709512219
1,70643.96887516975,163000,833.9515511009828
3,70659.46980977058,165000,837.0218593288513
6,70672.05930280685,163000,835.20551785338
7,70675.06749176979,161000,827.3421405656916
4,70682.34542918205,164000,830.8878691284749
8,70706.29588317871,164000,830.0773688784633
2,70719.93429136276,164000,831.2803122175254
5,70724.35841417313,162000,822.7546616425856
9,70753.52434134483,164000,828.9175223409953
0,70766.30313110352,164000,837.5880899237006
1,70779.91994690895,164000,831.9121732574417
3,70787.63964700699,166000,837.5732646092301
6,70800.75670552254,164000,835.2149395205072
7,70805.81978583336,162000,828.1315131978972
4,70812.38879847527,165000,832.6894030310362
8,70834.89377593994,165000,830.6480662451581
2,70850.49363136292,165000,829.2398103604075
5,70858.70007514954,163000,821.2746123034154
9,70885.1992969513,165000,828.0551202603074
0,70896.3268327713,165000,839.519255462157
3,70915.74741959572,167000,837.4460815065383
1,70921.72773003578,165000,833.4138911966412
6,70934.43775701523,165000,834.7014142593566
7,70936.04064369202,163000,828.4126523841788
4,70945.22246551514,166000,832.2709814049964
8,70963.87766456604,166000,830.3504469768059
2,70981.23350310326,166000,830.5244175073375
5,70991.44872927666,164000,822.9468805374203
9,71018.55972719193,166000,828.1223952209585
0,71026.18528461456,166000,838.5613756908077
3,71043.98658967018,168000,838.2314934382553
1,71063.63958406448,166000,832.3239582270483
7,71064.87568259239,164000,830.0108217782702
6,71072.63211798668,166000,834.6558684802307
4,71076.72969484329,167000,831.940734491517
8,71092.48245477676,167000,831.0285935572679
2,71111.70495319366,167000,830.0336387471934
5,71123.98336219788,165000,825.0571024898661
9,71150.25077939034,167000,829.5937600019635
0,71156.3550503254,167000,838.7458871332692
3,71172.27655768394,169000,836.896471429515
7,71193.37712264061,165000,830.4514040984399
1,71203.5926668644,167000,831.0011786028498
6,71209.18548750877,167000,836.2212810118722
4,71213.48681378365,168000,831.8215928374603
8,71221.22616100311,168000,831.1417531852994
2,71242.61663794518,168000,829.0996659530686
5,71262.52612805367,166000,825.3899933948152
9,71281.3679459095,168000,828.7047457202832
0,71286.75852060318,168000,839.3750303901177
3,71301.45562076569,170000,837.156617314367
7,71322.7666926384,166000,830.1789344210988
1,71344.40032339096,168000,831.8308581003977
4,71345.23471999168,169000,832.340531688078
6,71348.95184278488,168000,836.4399190502401
8,71350.82102417946,169000,831.2484230696801
2,71374.54772996902,169000,830.5456396192828
5,71403.5224685669,167000,825.57138717532
9,71415.54086518288,169000,829.2021785230534
0,71417.56003904343,169000,839.1485696033684
3,71430.91821622849,171000,838.0045902586926
7,71452.91213822365,167000,831.4900365818811
4,71478.6717095375,170000,832.570123838516
8,71479.43979120255,170000,830.7194416288964
6,71486.60896778107,169000,835.6478328660246
1,71487.8937716484,169000,832.7492662613488
2,71505.09679961205,170000,830.6343004228908
5,71535.48384571075,168000,826.5480113138369
9,71545.72810554504,170000,829.3565625265095
0,71548.01326727867,170000,838.5068307148489
3,71559.61641359329,172000,837.3339257811831
7,71582.01030039787,168000,830.7732798155558
8,71609.7926774025,171000,829.5150609747479
4,71610.8211927414,171000,833.3354543194484
6,71619.89396548271,170000,835.3980777081018
1,71627.99437189102,170000,831.5701144959622
2,71641.81366991997,171000,829.1765447387768
5,71667.19361877441,169000,825.9651337209056
9,71675.53259587288,171000,827.917390061314
0,71678.31946921349,171000,837.2210092892147
3,71688.64419102669,173000,836.9900491182979
7,71712.30377054214,169000,830.0094550216602
8,71741.49940228462,172000,830.5851380465293
4,71741.62403655052,172000,835.2959271126026
6,71754.93367409706,171000,834.978609325965
1,71767.05084705353,171000,829.1702139793496
2,71782.93343877792,172000,831.0558394239109
5,71797.74505376816,170000,825.7412076553801
9,71805.99158120155,172000,829.103742892597
0,71807.88596987724,172000,837.7419017594291
3,71818.30168867111,174000,837.2479496722539
7,71844.08805441856,170000,828.5492744164607
8,71871.8471736908,173000,830.9092762142745
4,71871.95774841309,173000,833.9631583547246
6,71894.00993680954,172000,834.5012671617974
1,71906.02326130867,172000,831.2206018791469
2,71924.84406757355,173000,828.1596603287496
5,71930.02477574348,171000,827.0621534371411
9,71936.34709572792,173000,829.4217146007552
0,71937.83370184898,173000,838.2259929674501
3,71948.20073151588,175000,837.0322051062649
7,71978.07161140442,171000,829.7016187008522
8,72000.3502998352,174000,830.8128632526209
4,72001.47825312614,174000,832.9490911522339
6,72032.73706007004,173000,836.170373600153
1,72049.27957940102,173000,827.7003229648778
5,72062.23861837387,172000,829.1077293515249
2,72066.51991128922,174000,830.1585480612449
9,72066.66401958466,174000,829.4953501019772
0,72071.97200798988,174000,837.8325022597226
3,72077.01138687134,176000,836.2158234148511
7,72108.51885461807,172000,832.0180078985541
8,72128.87572264671,175000,831.1530699212872
4,72134.62363290787,175000,832.6612998289017
6,72165.65699839592,174000,834.4540872564193
1,72190.3086578846,174000,829.1762663515287
9,72196.7402009964,175000,829.4640751132741
5,72201.39208936691,173000,828.2410889121846
0,72205.3247077465,175000,838.1260141244557
3,72206.17845964432,177000,836.9319339171889
2,72207.90411424637,175000,830.3537405091457
7,72240.87885713577,173000,831.9270506141913
8,72265.98596191406,176000,830.1336764246383
4,72270.09234380722,176000,829.6018234575397
6,72297.40569710732,175000,834.266563584158
9,72330.0941491127,176000,828.2776386326992
1,72333.74568724632,175000,828.25428504285
3,72334.91963458061,178000,837.6733848131089
5,72336.2940773964,174000,829.3604023669205
0,72340.71080470085,176000,838.6174700261249
2,72349.63914227486,176000,831.214838319781
7,72370.20210409164,174000,831.4931884772077
8,72397.80584454536,177000,831.4146129808715
4,72402.44561696053,177000,831.5502176462622
6,72427.80256152153,176000,836.2422769914469
9,72461.38145184517,177000,830.1980773733505
3,72462.47918391228,179000,836.9078050264168
1,72472.21429944038,176000,828.1137814308022
0,72475.0417072773,177000,838.9779314488746
5,72477.86554074287,175000,829.1996138186298
2,72490.65984416008,177000,829.9964050869241
7,72503.48120689392,175000,831.7138168526126
8,72531.12889266014,178000,829.9259843315428
4,72533.01918053627,178000,830.8044726882645
6,72560.97924590111,177000,836.0286849059905
3,72589.61649680138,180000,837.5604751673364
9,72591.48151922226,178000,828.3665993984955
0,72605.96147489548,178000,838.0599379872913
1,72607.6866736412,177000,830.6473191129231
5,72614.1702902317,176000,828.9739180276779
2,72628.723508358,178000,830.7444621832485
7,72636.62913060188,176000,832.3333162956327
8,72662.07971191406,179000,829.5823111680992
4,72664.04954624176,179000,828.598554122828
6,72698.46564507484,178000,836.1646368955736
3,72716.19624233246,181000,837.9472147886695
9,72723.2679131031,179000,830.1140229451552
1,72741.97142243385,178000,828.1596374586891
0,72742.61803627014,179000,839.3118262242464
5,72757.09134364128,177000,828.2497753341697
2,72762.50154948235,179000,830.9473964510065
7,72769.18175554276,177000,830.5271932275684
8,72789.58591270447,180000,830.233198345213
4,72793.80089998245,180000,829.690166765538
6,72836.47409176826,179000,835.0731514404828
3,72842.93303751945,182000,836.4125201067448
9,72853.4141395092,180000,829.0743655255362
1,72876.09409976006,179000,827.5070123774736
0,72876.46688628197,180000,838.6784409904163
5,72895.264772892,178000,826.967278541878
2,72897.80976724625,180000,830.1890890541827
7,72905.8651034832,178000,830.5984298679119
8,72920.31833004951,181000,830.6667463316198
4,72922.74382829666,181000,832.7037556998132
3,72970.84665679932,183000,838.0749299961876
6,72974.34556913376,180000,834.715924726067
9,72983.35302233696,181000,830.2947908141027
0,73010.56699347496,181000,838.6660423705621
1,73012.80417776108,180000,828.2259098992741
2,73027.72842311859,181000,829.0386102258021
5,73035.66868877411,179000,826.3188821865233
7,73046.06759738922,179000,831.2912982356127
8,73051.3312561512,182000,830.3151558468634
4,73053.50861215591,182000,830.1680246939023
3,73099.16415476799,184000,837.2956556367593
9,73114.63125371933,182000,829.8949351291346
6,73115.95128774643,181000,835.3883814123544
0,73142.7763030529,182000,837.9022085439196
1,73146.82712578773,181000,826.056668109929
2,73158.22718906403,182000,830.0841239528963
5,73176.12195849419,180000,829.5610448688471
7,73180.05219721794,180000,831.2469107989014
8,73181.7831287384,183000,830.6450138597794
4,73183.46368479729,183000,832.620092291926
3,73226.58453178406,185000,838.2008648801295
9,73244.50915884972,183000,828.6877840867011
6,73255.70889234543,182000,835.8114059255076
0,73277.14791107178,183000,838.0012800530322
1,73287.38618516922,182000,820.6462014293097
2,73288.68738150597,183000,830.5239115523885
8,73313.4251806736,184000,831.5182665964946
4,73313.84007763863,184000,831.1919474919767
5,73316.92012667656,181000,829.2043782606827
7,73317.49409866333,181000,831.9431061130863
3,73355.80442023277,186000,836.8852346252966
9,73375.54267668724,184000,828.8482274518768
6,73393.68977236748,183000,833.2885547660246
0,73413.9871263504,184000,838.3426729726883
2,73419.11423230171,184000,830.0130748085215
1,73425.50054883957,183000,822.6511028233042
4,73443.5642709732,185000,831.7957888501193
8,73444.7445037365,185000,831.5569226937355
7,73446.759141922,182000,831.5402481121162
5,73457.1712653637,182000,824.8380020278562
3,73482.38354802132,187000,837.6484929604885
9,73505.5959558487,185000,829.7367772452546
6,73530.06877589226,184000,834.7024628633052
0,73548.62326049805,185000,838.5802883193858
2,73551.49983882904,185000,829.8659334207198
1,73560.40328764915,184000,823.7396972833035
4,73573.61175704002,186000,832.5716665632112
7,73576.09569597244,183000,831.2212775632063
8,73578.8797507286,186000,831.1259234710201
5,73597.23580336571,183000,828.2064810564052
3,73610.8013036251,188000,837.031779236614
9,73636.98453402519,186000,830.0472204839126
6,73663.08001112938,185000,834.9051056804221
2,73685.15849113464,186000,830.7384741399105
0,73688.08262872696,186000,838.8076359345472
1,73703.39900326729,185000,823.2973882676209
4,73703.59186506271,187000,830.2196202015967
7,73705.55883955956,184000,832.4105878342433
8,73711.88613557816,187000,831.5931272522326
5,73736.72713255882,184000,825.4826005603574
3,73738.70447230339,189000,838.2895396951322
9,73771.99907565117,187000,830.955586048448
6,73795.2219479084,186000,835.682120206442
2,73817.40107011795,187000,830.7399616219371
0,73822.89788746834,187000,837.6983279808882
4,73834.09179258347,188000,829.5727568524297
7,73834.93290829659,185000,831.9380790496919
1,73843.16713166237,186000,823.7618466613364
8,73847.72784423828,188000,831.8530948364966
3,73865.61305809021,190000,837.9481174175927
5,73876.50531220436,185000,826.1165057896646
9,73905.87103438377,188000,829.9718335598475
6,73924.19882011414,187000,836.5690242046305
2,73947.9313006401,188000,831.6213918178806
0,73958.39396071434,188000,839.4075590913897
7,73963.49357056618,186000,830.3386944349893
4,73963.96763801575,189000,831.288081044407
8,73978.99653315544,189000,830.2612297623094
1,73980.44835734367,187000,824.6946105722078
3,73993.91716194153,191000,837.2478391353869
5,74018.20996570587,186000,826.54683307763
9,74035.72142362595,189000,829.1875520081151
6,74053.06453299522,188000,836.0684884745441
2,74082.30818247795,189000,831.7681134564057
7,74092.2633357048,187000,830.82658952558
4,74092.55152201653,190000,832.7239105069841
0,74095.97922635078,189000,839.0849297823562
8,74107.78212714195,190000,830.6615814608916
1,74115.9278576374,188000,822.4506312078225
3,74121.65932273865,192000,837.4791713967844
5,74159.27352499962,187000,827.5381918138237
9,74165.09338402748,190000,829.8064550381988
6,74181.59484672546,189000,834.6501336845014
2,74218.28300595284,190000,829.6043433355945
4,74221.50334572792,191000,828.6417455703381
7,74222.04045057297,188000,829.6086532618485
0,74232.24041032791,190000,837.6258652165815
8,74235.05921673775,191000,832.642510511707
3,74248.82306480408,193000,838.187827391516
1,74254.01109862328,189000,825.3296209787187
9,74294.91047620773,191000,830.0053045192412
5,74298.95493578911,188000,827.4054493576443
6,74310.27798318863,190000,835.2188330146114
7,74350.92146468163,189000,831.1318720517576
4,74351.05898833275,192000,832.4180882297035
2,74355.92048025131,191000,831.3007057285993
8,74364.37568211555,192000,828.740156966529
0,74368.37637233734,191000,837.9930891980613
3,74375.5658698082,194000,838.4795098739917
1,74393.02247977257,190000,827.8267190727566
9,74424.27310824394,192000,830.21538531364
6,74439.31053137779,191000,833.9508430929079
5,74442.0318248272,189000,827.849108027979
7,74480.43891382217,190000,829.5448120466434
4,74481.74397206306,193000,833.9742685864416
2,74490.08307123184,192000,830.4991975430154
8,74492.8707048893,193000,831.6383575347162
3,74504.48289084435,195000,837.1518754389468
0,74507.01997828484,192000,839.3035432434526
1,74531.24364423752,191000,826.6443667170852
9,74557.25446534157,193000,829.1876161743608
6,74568.86238193512,192000,834.3006129914527
5,74581.99899816513,190000,826.9673580914805
7,74609.58875322342,191000,830.5838222934931
4,74612.08454036713,194000,833.701730386529
2,74622.29736065865,193000,830.2092184520752
8,74628.45246005058,194000,831.3365772317162
3,74631.04827427864,196000,837.7903819262402
0,74644.22439217567,193000,838.0916015387047
1,74665.7097363472,192000,826.02743973244
9,74688.14992523193,194000,830.6003525693602
6,74697.66160607338,193000,834.5618169778493
5,74721.64901971817,191000,827.9646666824325
7,74738.54568314552,192000,830.2764338782881
4,74742.93683028221,195000,831.5250014907293
2,74751.7958536148,194000,830.5294864474466
3,74757.38114929199,197000,837.5181825013234
8,74760.28189182281,195000,831.0464016826571
0,74781.27582550049,194000,838.5491045933999
1,74805.56095290184,193000,825.5928876729637
9,74818.27605342865,195000,828.7950933384597
6,74826.36389398575,194000,834.647831669322
5,74861.32090187073,192000,827.8947022859337
7,74867.19693088531,193000,831.3739943160566
4,74873.43725180626,196000,831.3517928759018
2,74881.24448800087,195000,830.8429906636449
3,74883.58833098412,198000,837.0329630880188
8,74895.01181674004,196000,830.4199309858354
0,74916.25313258171,195000,838.9532493001059
1,74945.50019741058,194000,824.9506391255208
9,74949.92909693718,196000,828.7525960960282
6,74955.15840768814,195000,833.6849070581676
7,74995.61119270325,194000,830.3843871682801
5,75000.80405759811,193000,828.8949294215898
4,75007.12275123596,197000,831.5890258080257
3,75009.86905622482,199000,836.6412794233784
2,75010.08035898209,196000,830.2779611060521
8,75025.076202631,197000,830.8351444305091
0,75048.28435468674,196000,838.2451440337234
9,75083.9478495121,197000,829.4936386465308
6,75084.03169822693,196000,833.891991987864
1,75085.5532913208,195000,825.4103046898089
7,75124.71192836761,195000,829.203576945223
4,75137.9026992321,198000,831.2586794474319
2,75140.83171844482,197000,830.7695901253783
5,75141.23766970634,194000,827.7327856906325
8,75156.40119051933,198000,829.4873304981982
0,75184.19523453712,197000,838.3086287835441
6,75212.55941748619,197000,834.0102444577149
9,75219.01740050316,198000,830.6073121393964
1,75222.32130217552,196000,822.810124517324
7,75255.66624736786,196000,830.8731399377072
4,75268.99602150917,199000,824.4922666694146
2,75273.18635225296,198000,829.2485061333939
5,75279.95986557007,195000,828.2869556650944
8,75283.53440141678,199000,830.1296133136581
0,75317.4181523323,198000,837.8233273300575
6,75340.1712679863,198000,835.8076829238432
9,75350.36259436607,199000,830.6224943970077
1,75357.25505948067,197000,825.4662052176565
7,75385.07441210747,197000,830.8731404159527
2,75411.75573635101,199000,830.9234821983235
5,75416.77797651291,196000,829.4960725733393
0,75446.32525706291,199000,838.6256732487003
6,75469.08915805817,199000,834.2999980243617
1,75490.53477287292,198000,822.7706319158244
7,75514.04181361198,198000,829.8613278780089
5,75553.32730674744,197000,831.4722866309455
1,75618.03261137009,199000,829.1562553764734
7,75639.496778965,199000,831.5176071323535
5,75685.47987174988,198000,828.58834574285
5,75816.30204463005,199000,830.0432966313512
